68853694464 34628173824 18446743970227683327 69123178496 34359738368 18446743970226634751 403701760 240518168576 18446743832787681279 4432809951232 206158430208 18446739434741170175 4432541515776 206427389952 18446739434740645887 4432542302208 206426865664 18446739434740383743 4432408084480 206628192256 18446739434673274879 4449789280256 206426865664 18446739417493405695 4449788231680 206427918336 18446739417493401599 4449789288448 206426869760 18446739417493393407 -0.7777777778 9
68853694464 34628173824 18446743970227683327 69123178496 34359738368 18446743970226634751 403701760 240518168576 18446743832787681279 4432809951232 206158430208 18446739434741170175 4432541515776 206427389952 18446739434740645887 22093715472384 137439477760 18446721842554601471 22093714423808 137442623488 18446721842552504319 22093715480576 137441574912 18446721842552496127 22093715472384 137441583136 18446721842552496095 22093716258816 137441058848 18446721842552233951 -1.0000000000 1
68853694464 34628173824 18446743970227683327 69123178496 34359738368 18446743970226634751 68854743040 34630270976 18446743970224537599 69660049408 34361835520 18446743969687666687 403701760 241057136640 18446743832248713215 409993216 241055039488 18446743832244518911 140509184 241324527616 18446743832244514815 142082048 241323479040 18446743832243990527 7340032 241525329920 18446743832176881663 4432682024960 206897156096 18446739434130370559 +1.0000000000 3
68853694464 34628173824 18446743970227683327 69123178496 34359738368 18446743970226634751 68854743040 34630270976 18446743970224537599 69660049408 34361835520 18446743969687666687 69524783104 34497626112 18446743969687142399 69526888448 34495528960 18446743969687134207 68721582080 36374577152 18446743968613392383 206697406464 35837706240 18446743831174438911 538976256 17834182180864 18446726238988394495 4433213661184 17799554007040 18446721840941883391 +1.0000000000 2
68853694464 34628173824 18446743970227683327 69123178496 34359738368 18446743970226634751 68988960768 34494480384 18446743970226110463 69123964928 34359738368 18446743970225848319 404488192 240518168576 18446743832786894847 4432810737664 206158430208 18446739434740383743 4398450999296 257698037760 18446739417560514559 4415697977344 240518168576 18446739417493405695 4415429541888 240788701184 18446739417491308543 13245882302464 206428962816 18446730621398286335 -1.0000000000 1
68853694464 34628173824 18446743970227683327 69123178496 34359738368 18446743970226634751 68988960768 34494480384 18446743970226110463 69190287360 34360262656 18446743970159001599 69123178496 43017306112 18446743961569067007 69223841792 42950197248 18446743961535512575 69123178496 43050991616 18446743961535381503 69240619008 42950328320 18446743961518604287 68971134976 43221909504 18446743961516507135 68972191744 43220860928 18446743961516498943 +1.0000000000 6
68853694464 34628173824 18446743970227683327 69659000832 34359738368 18446743969690812415 69390565376 34630270976 18446743969688715263 69660049408 34361835520 18446743969687666687 403701760 241057136640 18446743832248713215 409993216 241055039488 18446743832244518911 140509184 241324527616 18446743832244514815 142082048 241323479040 18446743832243990527 7340032 241525329920 18446743832176881663 4432682024960 206897156096 18446739434130370559 +1.0000000000 1
68853694464 34628173824 18446743970227683327 69659000832 34359738368 18446743969690812415 69524783104 34494480384 18446743969690288127 121064390656 134742016 18446743952510418943 120795955200 137842130944 18446743815071465471 121265717248 137439477760 18446743815004356607 120728846336 137978445824 18446743815002259455 122339459072 137441574912 18446743813928517631 121265717248 138523705344 18446743813920129023 35443076759552 1084751872 18446708629548040191 +1.0000000000 4
68853694464 34628173824 18446743970227683327 120393302016 268435456 18446743953047814143 51673825280 17661173956608 18446726360861769727 51944357888 17660905521152 18446726360859672575 17584619520 17695332368384 18446726360792563711 258102788096 17592253153280 18446726223353610239 240922918912 22007479533568 18446721825307099135 2457126043648 21990299664384 18446719626283843583 258102788096 25288834547712 18446718526772215807 258170159104 25288767438848 18446718526771953663 -1.0000000000 11
68853694464 34628173824 18446743970227683327 120393302016 268435456 18446743953047814143 120259084288 469762048 18446743952980705279 120393826304 335544320 18446743952980180991 120393302016 336072704 18446743952980176895 120393828352 335548416 18446743952980174847 120393302016 336075776 18446743952980173823 120393828360 335549440 18446743952980173815 68854220808 4449921668096 18446739554933662711 2285057345544 4432741798912 18446737355910407159 +0.7064220184 109
68853694464 34628173824 18446743970227683327 8899306455040 268435456 18446735174134661119 8830586978304 17661173956608 18446717581948616703 9036745408512 17592454479872 18446717444509663231 8899306455040 17730967175168 18446717443435921407 9311623315456 17593528221696 18446717168558014463 8899306455040 88374589259776 18446646799813836799 9861379129344 87962272399360 18446646250058022911 1030926368768 101190771671040 18446641852011511807 1135726926233600 92394678648832 18445515952104669183 +1.0000000000 6
68853694464 34628173824 18446743970227683327 8899306455040 268435456 18446735174134661119 8864946716672 4432674684928 18446730776088150015 8916486324224 4398314946560 18446730758908280831 51673825280 30855313489920 18446713166722236415 1130349627179008 26457266978816 18445587266815393791 1130298087571456 26517396520960 18445587258225459199 1130315334549504 26500216651776 18445587258158350335 1130315133222912 26500418502656 18445587258157826047 1130349763493888 26465790328832 18445587258155728895 +1.0000000000 1
68853694464 34628173824 18446743970227683327 8899306455040 268435456 18446735174134661119 8864946716672 4432674684928 18446730776088150015 8916486324224 4398314946560 18446730758908280831 8899172237312 4415696142336 18446730758841171967 15496242003968 17649631232 18446728559817916415 6665789243392 2260647916077056 18444476760004231167 33054068310016 2251851823054848 18444459167818186751 15393162788864 2269650167529472 18444459030379233279 15427793059840 2269615539355648 18444459030377136127 +1.0000000000 1
68853694464 34628173824 18446743970227683327 8899306455040 268435456 18446735174134661119 8899172237312 469762048 18446735174067552255 8899442769920 201326592 18446735174065455103 8830723293184 35253292892160 18446699989693366271 26491628814336 35184573415424 18446682397507321855 26491360378880 35185378721792 18446682396970450943 26491494858752 35185244504064 18446682396970188799 26491492761600 35185246609408 18446682396970180607 26491560001536 35185179500544 18446682396970049535 -1.0000000000 8
68853694464 34628173824 18446743970227683327 8899306455040 268435456 18446735174134661119 8899172237312 469762048 18446735174067552255 8899442769920 201326592 18446735174065455103 8865083031552 17626747109376 18446717581879410687 8899577511936 17592253153280 18446717581878886399 103484489728 30786392686592 18446713183832375295 1134799484354560 21990299664384 18445587283925532671 8899577511936 289378266358218752 18157356907773820927 8899644751872 289378266291109888 18157356907773689855 +1.0000000000 3
68853694464 34628173824 18446743970227683327 8899306455040 268435456 18446735174134661119 8899172237312 469762048 18446735174067552255 8899442769920 201326592 18446735174065455103 8865083031552 17626747109376 18446717581879410687 61641641164800 34561064960 18446682397507321855 61572921688064 240719495168 18446682260068368383 66005327937536 206359756800 18446677862021857279 65970968199168 257899364352 18446677844841988095 66177663500288 51740934144 18446677844305117183 +1.0000000000 4
