68853694464 34628173824 18446743970227683327 69123178496 34359738368 18446743970226634751 403701760 240518168576 18446743832787681279 4432809951232 206158430208 18446739434741170175 4432541515776 206427389952 18446739434740645887 4432542302208 206426865664 18446739434740383743 4432408084480 206628192256 18446739434673274879 4449789280256 206426865664 18446739417493405695 4449788231680 206427918336 18446739417493401599 4449789288448 206426869760 18446739417493393407 -0.2093023256 43
68853694464 34628173824 18446743970227683327 69123178496 34359738368 18446743970226634751 403701760 240518168576 18446743832787681279 4432809951232 206158430208 18446739434741170175 4432541515776 206427389952 18446739434740645887 22093715472384 137439477760 18446721842554601471 22093714423808 137442623488 18446721842552504319 22093715480576 137441574912 18446721842552496127 22093715472384 137441583136 18446721842552496095 22093716258816 137441058848 18446721842552233951 -0.2291666667 48
68853694464 34628173824 18446743970227683327 69123178496 34359738368 18446743970226634751 403701760 240518168576 18446743832787681279 4432809951232 206158430208 18446739434741170175 4432541515776 206427389952 18446739434740645887 22093715472384 137439477760 18446721842554601471 22093714423808 137442623488 18446721842552504319 22093715480576 137441574912 18446721842552496127 22093715472384 137441583136 18446721842552496095 92599898603520 2629664 18446651473808318431 +1.0000000000 38
68853694464 34628173824 18446743970227683327 69123178496 34359738368 18446743970226634751 403701760 240518168576 18446743832787681279 4432809951232 206158430208 18446739434741170175 4432675733504 206292910080 18446739434740908031 4432810475520 206158692352 18446739434740383743 4432541515776 206427653120 18446739434740382719 22093715472384 137439740928 18446721842554338303 22024861777920 35390665524224 18446686658182249471 22024996521984 35390530782208 18446686658182247423 +1.0000000001 21
68853694464 34628173824 18446743970227683327 69123178496 34359738368 18446743970226634751 403701760 240518168576 18446743832787681279 4432809951232 206158430208 18446739434741170175 4432675733504 206292910080 18446739434740908031 4432810475520 206158692352 18446739434740383743 4432541515776 206427653120 18446739434740382719 22093715472384 137439740928 18446721842554338303 22024861777920 35390665524224 18446686658182249471 22025063104512 35390531306496 18446686658115140607 -0.7500000000 8
68853694464 34628173824 18446743970227683327 69123178496 34359738368 18446743970226634751 403701760 240518168576 18446743832787681279 4432809951232 206158430208 18446739434741170175 4432675733504 206292910080 18446739434740908031 4432810475520 206158692352 18446739434740383743 4432541515776 206427653120 18446739434740382719 22093715472384 137439740928 18446721842554338303 22024861777920 35390665524224 18446686658182249471 22042175864832 35390531306496 18446686641002380287 -0.0177467597 5015
68853694464 34628173824 18446743970227683327 69123178496 34359738368 18446743970226634751 403701760 240518168576 18446743832787681279 8830856462336 206158430208 18446735036694659071 8830586978304 206427918336 18446735036694654975 8830588035072 206426869760 18446735036694646783 8796228296704 4638833119232 18446730638648135679 8796228300816 4638833115136 18446730638648135663 135278608 1139334832979968 18445604738741293039 940584976 1139334564544512 18445604738204422127 -0.1052631578 38
68853694464 34628173824 18446743970227683327 69123178496 34359738368 18446743970226634751 403701760 240518168576 18446743832787681279 8830856462336 206158430208 18446735036694659071 8830586978304 206427918336 18446735036694654975 8830588035072 206426869760 18446735036694646783 8796228296704 4638833119232 18446730638648135679 15393298063360 240786608128 18446728439624880127 6597205041152 2260836693315584 18444476639811194879 6597205045264 2260836693311488 18444476639811194863 +1.0000000000 18
68853694464 34628173824 18446743970227683327 69123178496 34359738368 18446743970226634751 403701760 240518168576 18446743832787681279 8830856462336 206158430208 18446735036694659071 8830586978304 206427918336 18446735036694654975 8830588035072 206426869760 18446735036694646783 8796228296704 4638833119232 18446730638648135679 15393298063360 240786608128 18446728439624880127 6597205041152 2260836693315584 18444476639811194879 578727979774910464 206426869760 17868015887507771391 +1.0000000000 3
68853694464 34628173824 18446743970227683327 69123178496 34359738368 18446743970226634751 403701760 240518168576 18446743832787681279 8830856462336 206158430208 18446735036694659071 8830586978304 206427918336 18446735036694654975 8830588035072 206426869760 18446735036694646783 8796228296704 4638833119232 18446730638648135679 15393298063360 240786608128 18446728439624880127 6597205041152 2260836693315584 18444476639811194879 1155179901625573376 9036879630336 17291555135204347903 +0.9130434783 23
68853694464 34628173824 18446743970227683327 69123178496 34359738368 18446743970226634751 403701760 240518168576 18446743832787681279 8830856462336 206158430208 18446735036694659071 8830586978304 206427918336 18446735036694654975 9311623315456 269488128 18446734761816748031 9174184361984 70506452619264 18446664393072570367 9174453850128 70506183131136 18446664393072570351 8899575943184 71330816851968 18446663843316756463 36108202778038288 824633720832 18410635046297792495 +1.0000000000 61
68853694464 34628173824 18446743970227683327 69123178496 34359738368 18446743970226634751 403701760 240518168576 18446743832787681279 8830856462336 206158430208 18446735036694659071 8830586978304 206427918336 18446735036694654975 9311623315456 269488128 18446734761816748031 9242903838720 17661175009280 18446717169630703615 9243172798464 17660906573824 18446717169630179327 447079776256 30855046107136 18446712771583668223 447082921984 30855045058560 18446712771581571071 -1.0000000000 5
68853694464 34628173824 18446743970227683327 69123178496 34359738368 18446743970226634751 403701760 240518168576 18446743832787681279 8830856462336 206158430208 18446735036694659071 8830586978304 206427918336 18446735036694654975 9311623315456 269488128 18446734761816748031 9242903838720 17661175009280 18446717169630703615 9243172798464 17660906573824 18446717169630179327 9208678842368 17712580399104 18446717152450310143 9208678846496 17712580395008 18446717152450310111 -1.0000000000 1
68853694464 34628173824 18446743970227683327 69123178496 34359738368 18446743970226634751 403701760 240518168576 18446743832787681279 8830856462336 206158430208 18446735036694659071 8830586978304 206427918336 18446735036694654975 9311623315456 269488128 18446734761816748031 9242903838720 17661175009280 18446717169630703615 9243172798464 17660906573824 18446717169630179327 9208678842368 17712580399104 18446717152450310143 9208679895056 17712579346432 18446717152450310127 +1.0000000000 1
68853694464 34628173824 18446743970227683327 69123178496 34359738368 18446743970226634751 403701760 240518168576 18446743832787681279 8830856462336 206158430208 18446735036694659071 8830586978304 206427918336 18446735036694654975 9311623315456 269488128 18446734761816748031 9242903838720 17661175009280 18446717169630703615 9243172798464 17660906573824 18446717169630179327 9208678842368 17712580399104 18446717152450310143 9277935190016 17643860922368 18446717151913439231 -1.0000000000 2
68853694464 34628173824 18446743970227683327 69123178496 34359738368 18446743970226634751 403701760 240518168576 18446743832787681279 8830856462336 206158430208 18446735036694659071 8830588026880 206427389952 18446735036694134783 26491761983488 137439477760 18446717444508090367 26491760934912 137442623488 18446717444505993215 26491761991680 137441574912 18446717444505985023 26491761983488 137441583136 18446717444505984991 96997945114624 2629664 18446647075761807327 -1.0000000000 2
68853694464 34628173824 18446743970227683327 69123178496 34359738368 18446743970226634751 403701760 240518168576 18446743832787681279 70506586832896 103079215104 18446673464043503615 70506452615168 103213694976 18446673464043241471 70626845917184 262144 18446673446863372287 70557992222720 35253226045440 18446638262491283455 70558193549312 35253091827712 18446638262424174591 189449371648 246359324360704 18446497524935819263 17850354892800 246290604883968 18446479932749774847 -0.0533333334 150
68853694464 34628173824 18446743970227683327 69123178496 34359738368 18446743970226634751 68854743040 34630270976 18446743970224537599 69660049408 34361835520 18446743969687666687 403701760 241057136640 18446743832248713215 409993216 241055039488 18446743832244518911 140509184 241324527616 18446743832244514815 142082048 241323479040 18446743832243990527 7340032 241525329920 18446743832176881663 4432682024960 206897156096 18446739434130370559 +1.0000000000 3
68853694464 34628173824 18446743970227683327 69123178496 34359738368 18446743970226634751 68854743040 34630270976 18446743970224537599 69660049408 34361835520 18446743969687666687 69524783104 34497626112 18446743969687142399 69526888448 34495528960 18446743969687134207 68721582080 36374577152 18446743968613392383 206697406464 35837706240 18446743831174438911 538976256 17834182180864 18446726238988394495 4433213661184 17799554007040 18446721840941883391 +1.0000000000 2
68853694464 34628173824 18446743970227683327 69123178496 34359738368 18446743970226634751 68988960768 34494480384 18446743970226110463 69123964928 34359738368 18446743970225848319 404488192 240518168576 18446743832786894847 4432810737664 206158430208 18446739434740383743 4398450999296 257698037760 18446739417560514559 4415697977344 240518168576 18446739417493405695 4415429541888 240788701184 18446739417491308543 4416234848256 240520265728 18446739416954437631 +0.0000000000 6
68853694464 34628173824 18446743970227683327 69123178496 34359738368 18446743970226634751 68988960768 34494480384 18446743970226110463 69123964928 34359738368 18446743970225848319 404488192 240518168576 18446743832786894847 4432810737664 206158430208 18446739434740383743 4398450999296 257698037760 18446739417560514559 4415697977344 240518168576 18446739417493405695 4415429541888 240788701184 18446739417491308543 13245882302464 206428962816 18446730621398286335 -0.8235294118 34
68853694464 34628173824 18446743970227683327 69123178496 34359738368 18446743970226634751 68988960768 34494480384 18446743970226110463 69123964928 34359738368 18446743970225848319 404488192 240518168576 18446743832786894847 4432810737664 206158430208 18446739434740383743 4398450999296 257698037760 18446739417560514559 6614654124032 240518168576 18446737218537259007 6614385688576 240788701184 18446737218535161855 24275559645184 171800788992 18446719626349117439 -0.3333333333 3
68853694464 34628173824 18446743970227683327 69123178496 34359738368 18446743970226634751 68988960768 34494480384 18446743970226110463 69123964928 34359738368 18446743970225848319 404488192 240518168576 18446743832786894847 4432810737664 206158430208 18446739434740383743 4398450999296 257698037760 18446739417560514559 39651542564864 188978561024 18446704233188425727 39651274129408 189249093632 18446704233186328575 39789518389248 51541704704 18446704232649457663 +0.5000000000 2
68853694464 34628173824 18446743970227683327 69123178496 34359738368 18446743970226634751 68988960768 34494480384 18446743970226110463 69123964928 34359738368 18446743970225848319 404488192 240518168576 18446743832786894847 4432810737664 206158430208 18446739434740383743 4398450999296 257698037760 18446739417560514559 74904634130432 120259084288 18446669048816336895 74904365694976 120529616896 18446669048814239743 74921612673024 103349747712 18446669048747130879 +1.0000000000 4
68853694464 34628173824 18446743970227683327 69123178496 34359738368 18446743970226634751 68988960768 34494480384 18446743970226110463 69123964928 34359738368 18446743970225848319 404488192 240518168576 18446743832786894847 17661310009344 171798691840 18446726240600850431 69123964928 2269563798421504 18444474440787165183 4521260937379840 2251971612377088 18439970841159794687 69123964928 15780362680532992 18430963641905053695 4501530214400 15780328320794624 18430959243858542591 +1.0000000000 1
68853694464 34628173824 18446743970227683327 69123178496 34359738368 18446743970226634751 68988960768 34494480384 18446743970226110463 69123964928 34359738368 18446743970225848319 404488192 240518168576 18446743832786894847 70506587619328 103079215104 18446673464042717183 70369148665856 515396075520 18446673189164810239 105622240231424 446676598784 18446638004792721407 105621971795968 446947131392 18446638004790624255 105760216055808 309239742464 18446638004253753343 -0.2000000000 10
68853694464 34628173824 18446743970227683327 69123178496 34359738368 18446743970226634751 68988960768 34494480384 18446743970226110463 69190287360 34360262656 18446743970159001599 69123178496 43017306112 18446743961569067007 69223841792 42950197248 18446743961535512575 69123178496 43050991616 18446743961535381503 69123964928 43050467328 18446743961535119359 69123702784 43050730496 18446743961535118335 69124161536 43050337280 18446743961535052799 +0.5000000000 4
68853694464 34628173824 18446743970227683327 69123178496 34359738368 18446743970226634751 68988960768 34494480384 18446743970226110463 69190287360 34360262656 18446743970159001599 69123178496 43017306112 18446743961569067007 69223841792 42950197248 18446743961535512575 69123178496 43050991616 18446743961535381503 69240619008 42950328320 18446743961518604287 68971134976 43221909504 18446743961516507135 68972191744 43220860928 18446743961516498943 +0.5652173909 92
68853694464 34628173824 18446743970227683327 69123178496 34359738368 18446743970226634751 68988960768 34494480384 18446743970226110463 69190287360 34360262656 18446743970159001599 69123178496 43017306112 18446743961569067007 120662786048 8657567744 18446743944389197823 120661737472 8660713472 18446743944387100671 120729108480 8593604608 18446743944386838527 103415021568 2224930947072 18446741745363582975 103416598528 2224929374208 18446741745363578879 +0.0000000000 2
68853694464 34628173824 18446743970227683327 69123178496 34359738368 18446743970226634751 68988960768 34494480384 18446743970226110463 69190287360 34360262656 18446743970159001599 69123178496 43017306112 18446743961569067007 120662786048 8657567744 18446743944389197823 120661737472 8660713472 18446743944387100671 120729108480 8593604608 18446743944386838527 103415021568 2224930947072 18446741745363582975 133479792640 2199161143296 18446741741068615679 +0.3333333333 3
68853694464 34628173824 18446743970227683327 69659000832 34359738368 18446743969690812415 939524096 240518168576 18446743832251858943 17661845045248 171798691840 18446726240065814527 69659000832 2269563798421504 18444474440252129279 4521261472415744 2251971612377088 18439970840624758783 69659000832 15780362680532992 18430963641370017791 1157442766079262720 11259170867118080 17278042136763170815 1157442765273956352 11259171674521600 17278042136761073663 1157442765815021568 11259171137650688 17278042136756879359 -1.0000000000 5
68853694464 34628173824 18446743970227683327 69659000832 34359738368 18446743969690812415 69390565376 34630270976 18446743969688715263 69660049408 34361835520 18446743969687666687 403701760 241057136640 18446743832248713215 409993216 241055039488 18446743832244518911 140509184 241324527616 18446743832244514815 142082048 241323479040 18446743832243990527 7340032 241525329920 18446743832176881663 4432682024960 206897156096 18446739434130370559 +1.0000000000 1
68853694464 34628173824 18446743970227683327 69659000832 34359738368 18446743969690812415 69524783104 34494480384 18446743969690288127 121064390656 134742016 18446743952510418943 103884521472 2216337866752 18446741753487163391 129654325248 2199157997568 18446741744897228799 95294586880 11029610758144 18446732948804206591 4527700836352 10995251019776 18446728550757695487 4458444488704 11064511561728 18446728550753501183 4664602918912 10995792084992 18446728413314547711 -0.6800000000 25
68853694464 34628173824 18446743970227683327 69659000832 34359738368 18446743969690812415 69524783104 34494480384 18446743969690288127 121064390656 134742016 18446743952510418943 120795955200 137842130944 18446743815071465471 121265717248 137439477760 18446743815004356607 120728846336 137978445824 18446743815002259455 122339459072 137441574912 18446743813928517631 121265717248 138523705344 18446743813920129023 35443076759552 1084751872 18446708629548040191 +0.8000000000 5
68853694464 34628173824 18446743970227683327 69659000832 34359738368 18446743969690812415 69524783104 34494480384 18446743969690288127 4501931032576 134742016 18446739571643777023 4433211555840 35253226307584 18446704387271688191 4639369986048 35184506830848 18446704249832734719 4501662597120 105690958397440 18446633881088557055 4502132359168 105690555744256 18446633881021448191 4433278664704 105759409700864 18446633881021186047 4914315001856 105553251270656 18446633606143279103 +0.9999999995 14
68853694464 34628173824 18446743970227683327 69659000832 34359738368 18446743969690812415 69524783104 34494480384 18446743969690288127 4501931032576 134742016 18446739571643777023 4433211555840 35253226307584 18446704387271688191 4639369986048 35184506830848 18446704249832734719 4501662597120 105690958397440 18446633881088557055 4502132359168 105690555744256 18446633881021448191 4433278664704 105759409700864 18446633881021186047 13298091163648 105690690224128 18446625084928163839 -0.5000000000 12
68853694464 34628173824 18446743970227683327 69659000832 34359738368 18446743969690812415 69524783104 34494480384 18446743969690288127 4501931032576 134742016 18446739571643777023 4433211555840 35253226307584 18446704387271688191 4639369986048 35184506830848 18446704249832734719 4501662597120 105690958397440 18446633881088557055 4502132359168 105690555744256 18446633881021448191 4433278664704 105759409700864 18446633881021186047 22094184185856 105690690224128 18446616288835141631 -0.4000000000 10
68853694464 34628173824 18446743970227683327 69659000832 34359738368 18446743969690812415 69524783104 34494480384 18446743969690288127 4501931032576 134742016 18446739571643777023 4501662597120 137842130944 18446739434204823551 4502132359168 137439477760 18446739434137714687 4501595488256 137978445824 18446739434135617535 4502136553472 137441574912 18446739434131423231 4502132359168 137454157824 18446739434123034623 4502132884480 137453633536 18446739434123033599 +1.0000000000 1
68853694464 34628173824 18446743970227683327 69659000832 34359738368 18446743969690812415 69524783104 34494480384 18446743969690288127 4501931032576 134742016 18446739571643777023 4501662597120 137842130944 18446739434204823551 4502132359168 137439477760 18446739434137714687 4501595488256 137978445824 18446739434135617535 4502136553472 137441574912 18446739434131423231 4502132359168 137454157824 18446739434123034623 39823943401472 15204352 18446704249750945791 +1.0000000000 1
68853694464 34628173824 18446743970227683327 120393302016 268435456 18446743953047814143 51673825280 17661173956608 18446726360861769727 51944357888 17660905521152 18446726360859672575 404750336 17721035063296 18446726352269737983 2216607875072 17703855194112 18446724153246482431 2216473657344 17703989673984 18446724153246220287 2216674983936 17703855456256 18446724153179111423 2216473657344 17704057307136 18446724153178587135 6648879906816 17669697568768 18446719755132076031 -0.2500000000 8
68853694464 34628173824 18446743970227683327 120393302016 268435456 18446743953047814143 51673825280 17661173956608 18446726360861769727 51944357888 17660905521152 18446726360859672575 404750336 17721035063296 18446726352269737983 2216607875072 17703855194112 18446724153246482431 2216473657344 17703989673984 18446724153246220287 2229358559232 17695399739392 18446724148951252991 13155434496 301386579574784 18446442673974542335 1128112085532672 299187556319232 18445316774067699711 +0.1999999999 25
68853694464 34628173824 18446743970227683327 120393302016 268435456 18446743953047814143 51673825280 17661173956608 18446726360861769727 51944357888 17660905521152 18446726360859672575 17584619520 17695332368384 18446726360792563711 258102788096 17592253153280 18446726223353610239 240922918912 22007479533568 18446721825307099135 2457126043648 21990299664384 18446719626283843583 258102788096 25288834547712 18446718526772215807 258170159104 25288767438848 18446718526771953663 -1.0000000000 12
68853694464 34628173824 18446743970227683327 120393302016 268435456 18446743953047814143 51673825280 17661173956608 18446726360861769727 51944357888 17660905521152 18446726360859672575 17584619520 17695332368384 18446726360792563711 258102788096 17592253153280 18446726223353610239 240922918912 22007479533568 18446721825307099135 2457126043648 21990299664384 18446719626283843583 258102788096 25288834547712 18446718526772215807 9025049543573504 7696648503296 18437711327517474815 +1.0000000000 3
68853694464 34628173824 18446743970227683327 120393302016 268435456 18446743953047814143 51673825280 17661173956608 18446726360861769727 52479131648 17660905521152 18446726360324898815 939524096 17721035063296 18446726351734964223 2217142648832 17703855194112 18446724152711708671 2216874213376 17704124678144 18446724152710660095 2229759115264 17695534743552 18446724148415692799 13421772800 301386848796672 18446442673438982143 1128112351870976 299187825541120 18445316773532139519 -0.0476190477 21
68853694464 34628173824 18446743970227683327 120393302016 268435456 18446743953047814143 51673825280 17661173956608 18446726360861769727 52479131648 17660905521152 18446726360324898815 939524096 17721035063296 18446726351734964223 4521261472415744 60129542144 18442222752107593727 4503669286371328 9024851570327552 18433215552852852735 4503733710880768 9024791440785408 18433215548557885439 134083510272 1166449895675002880 17280294043951038463 4620710943951683584 1157425104234217472 12668608025523650559 +1.0000000000 15
68853694464 34628173824 18446743970227683327 120393302016 268435456 18446743953047814143 51673825280 17661173956608 18446726360861769727 52479131648 17660905521152 18446726360324898815 939524096 17721035063296 18446726351734964223 4521261472415744 60129542144 18442222752107593727 4521192752939008 266287972352 18442222614668640255 4521227179786240 231928233984 18442222614601531391 4521226642915328 232467202048 18442222614599434239 4525641869295616 215287332864 18442218216552923135 -1.0000000000 2
68853694464 34628173824 18446743970227683327 120393302016 268435456 18446743953047814143 51673825280 17661173956608 18446726360861769727 52479131648 17660905521152 18446726360324898815 939524096 17721035063296 18446726351734964223 4521261472415744 60129542144 18442222752107593727 4521192752939008 266287972352 18442222614668640255 4521227179786240 231928233984 18442222614601531391 4521226777133056 232331935744 18442222614600482815 4522334878695424 223742001152 18442221515088855039 -1.0000000000 1
68853694464 34628173824 18446743970227683327 120393302016 268435456 18446743953047814143 51673825280 17661173956608 18446726360861769727 52479131648 17660905521152 18446726360324898815 18119393280 17695332368384 18446726360257789951 258637561856 17592253153280 18446726222818836479 241457692672 22007479533568 18446721824772325375 2457660817408 21990299664384 18446719625749069823 258637561856 25288834547712 18446718526237442047 9025050078347264 7696648503296 18437711326982701055 +0.0000000000 2
68853694464 34628173824 18446743970227683327 120393302016 268435456 18446743953047814143 51673825280 17661173956608 18446726360861769727 52479131648 17660905521152 18446726360324898815 18119393280 17695332368384 18446726360257789951 4450525642752 17660972630016 18446721962211278847 4398986035200 17721102172160 18446721953621344255 4416233275392 17703855194112 18446721953621082111 4415964839936 17704124678144 18446721953620033535 4428849741824 17695534743552 18446721949325066239 +1.0000000000 3
68853694464 34628173824 18446743970227683327 120393302016 268435456 18446743953047814143 120259084288 469762048 18446743952980705279 120393826304 335544320 18446743952980180991 120393302016 336072704 18446743952980176895 120393828352 335548416 18446743952980174847 120393302016 336075776 18446743952980173823 120393828360 335549440 18446743952980173815 68854220808 4449921668096 18446739554933662711 2285057345544 4432741798912 18446737355910407159 +0.7068965517 116
68853694464 34628173824 18446743970227683327 8899306455040 268435456 18446735174134661119 8830586978304 17661173956608 18446717581948616703 9036745408512 17592454479872 18446717444509663231 8899306455040 17730967175168 18446717443435921407 9311623315456 17593528221696 18446717168558014463 8899306455040 88374589259776 18446646799813836799 9861379129344 87962272399360 18446646250058022911 1030926368768 101190771671040 18446641852011511807 1135726926233600 92394678648832 18445515952104669183 -0.2500000000 16
68853694464 34628173824 18446743970227683327 8899306455040 268435456 18446735174134661119 8864946716672 4432674684928 18446730776088150015 8916486324224 4398314946560 18446730758908280831 51673825280 30855313489920 18446713166722236415 1130349627179008 26457266978816 18445587266815393791 1130298087571456 26517396520960 18445587258225459199 1130315334549504 26500216651776 18445587258158350335 1130315133222912 26500418502656 18445587258157826047 1130349763493888 26465790328832 18445587258155728895 +1.0000000000 1
68853694464 34628173824 18446743970227683327 8899306455040 268435456 18446735174134661119 8864946716672 4432674684928 18446730776088150015 8916486324224 4398314946560 18446730758908280831 51673825280 30855313489920 18446713166722236415 9024843114610688 13263127445504 18437705967467495423 9024791575003136 13323256987648 18437705958877560831 9040201917661184 111937585152 18437703759854305279 15410476875776 4620710921805758464 13826017741426917375 15423361777664 4620710913215823872 13826017737131950079 +0.1707317076 41
68853694464 34628173824 18446743970227683327 8899306455040 268435456 18446735174134661119 8864946716672 4432674684928 18446730776088150015 8916486324224 4398314946560 18446730758908280831 8899172237312 4415696142336 18446730758841171967 15496242003968 17649631232 18446728559817916415 6665789243392 2260647916077056 18444476760004231167 33054068310016 2251851823054848 18444459167818186751 15393162788864 2269650167529472 18444459030379233279 15427793059840 2269615539355648 18444459030377136127 +1.0000000000 1
68853694464 34628173824 18446743970227683327 8899306455040 268435456 18446735174134661119 8899172237312 469762048 18446735174067552255 8899441721344 201326592 18446735174066503679 8865081982976 17626747109376 18446717581880459263 8899576463360 17592253153280 18446717581879934975 103483441152 30786392686592 18446713183833423871 2260699390148608 21990299664384 18444461384019738623 8899576463360 290504166265061376 18156231007868026879 61676134596608 290486574079016960 18156195823495938047 +1.0000000000 1
68853694464 34628173824 18446743970227683327 8899306455040 268435456 18446735174134661119 8899172237312 469762048 18446735174067552255 8899441721344 201326592 18446735174066503679 8865081982976 17626747109376 18446717581880459263 13297488232448 17592387371008 18446713183833948159 4467035471872 2278222653816832 18444461384020262911 66039686627328 2251834374750208 18444426199648174079 66039418191872 2251835180056576 18444426199111303167 578778591535300608 35366371328 17867965446807879679 +1.0000000000 1
68853694464 34628173824 18446743970227683327 8899306455040 268435456 18446735174134661119 8899172237312 469762048 18446735174067552255 8899442769920 201326592 18446735174065455103 8830723293184 35253292892160 18446699989693366271 26491628814336 35184573415424 18446682397507321855 26491360378880 35185378721792 18446682396970450943 26491494858752 35185244504064 18446682396970188799 26491492761600 35185246609408 18446682396970180607 26491560001536 35185179500544 18446682396970049535 -1.0000000000 8
68853694464 34628173824 18446743970227683327 8899306455040 268435456 18446735174134661119 8899172237312 469762048 18446735174067552255 8899442769920 201326592 18446735174065455103 8865083031552 17626747109376 18446717581879410687 8899577511936 17592253153280 18446717581878886399 103484489728 30786392686592 18446713183832375295 1134799484354560 21990299664384 18445587283925532671 8899577511936 289378266358218752 18157356907773820927 8899644751872 289378266291109888 18157356907773689855 +0.6666666666 6
68853694464 34628173824 18446743970227683327 8899306455040 268435456 18446735174134661119 8899172237312 469762048 18446735174067552255 8899442769920 201326592 18446735174065455103 8865083031552 17626747109376 18446717581879410687 8899577511936 17592253153280 18446717581878886399 103484489728 30786392686592 18446713183832375295 1134799484354560 21990299664384 18445587283925532671 8899577511936 289378266358218752 18157356907773820927 4530091390926848 289360674172174336 18152853308146450431 +1.0000000000 1
68853694464 34628173824 18446743970227683327 8899306455040 268435456 18446735174134661119 8899172237312 469762048 18446735174067552255 8899442769920 201326592 18446735174065455103 8865083031552 17626747109376 18446717581879410687 61641641164800 34561064960 18446682397507321855 61572921688064 240719495168 18446682260068368383 66005327937536 206359756800 18446677862021857279 65970968199168 257899364352 18446677844841988095 66177663500288 51740934144 18446677844305117183 +1.0000000000 4
