68853694464 34628173824 18446743970227683327 69123178496 34359738368 18446743970226634751 403701760 240518168576 18446743832787681279 4432809951232 206158430208 18446739434741170175 4432541515776 206427389952 18446739434740645887 4432542302208 206426865664 18446739434740383743 4398182563840 257966473216 18446739417560514559 4415429541888 240786604032 18446739417493405695 4415294799872 240921348096 18446739417493403647 39668520583168 172067653632 18446704233121314815 -0.2500000000 8
68853694464 34628173824 18446743970227683327 69123178496 34359738368 18446743970226634751 403701760 240518168576 18446743832787681279 4432809951232 206158430208 18446739434741170175 4432541515776 206427389952 18446739434740645887 4432542302208 206426865664 18446739434740383743 4432408084480 206628192256 18446739434673274879 4449789280256 206426865664 18446739417493405695 4449788755968 206427390976 18446739417493404671 4449789282304 206426866688 18446739417493402623 -1.0000000000 2
68853694464 34628173824 18446743970227683327 69123178496 34359738368 18446743970226634751 403701760 240518168576 18446743832787681279 4432809951232 206158430208 18446739434741170175 4432541515776 206427389952 18446739434740645887 22093715472384 137439477760 18446721842554601471 22093714423808 137442623488 18446721842552504319 22093715480576 137441574912 18446721842552496127 22093715472384 137441583136 18446721842552496095 22093716258816 137441058848 18446721842552233951 +1.0000000000 2
68853694464 34628173824 18446743970227683327 69123178496 34359738368 18446743970226634751 403701760 240518168576 18446743832787681279 4432809951232 206158430208 18446739434741170175 4432675733504 206292910080 18446739434740908031 4432877060096 206158692352 18446739434673799167 4398450212864 257765408768 18446739417493929983 39651541778432 189045932032 18446704233121841151 4467169689600 9042572672761856 18437697033867100159 4879486550016 9042435233808384 18437696758989193215 +1.0000000000 5
68853694464 34628173824 18446743970227683327 69123178496 34359738368 18446743970226634751 403701760 240518168576 18446743832787681279 4432809951232 206158430208 18446739434741170175 4432675733504 206292910080 18446739434740908031 4432877060096 206158692352 18446739434673799167 4398450212864 257765408768 18446739417493929983 39651541778432 189045932032 18446704233121841151 39651139125248 189985456128 18446704232584970239 39651680190464 189448585216 18446704232580775935 +1.0000000000 4
68853694464 34628173824 18446743970227683327 69123178496 34359738368 18446743970226634751 68854743040 34630270976 18446743970224537599 69660049408 34361835520 18446743969687666687 403701760 241057136640 18446743832248713215 409993216 241055039488 18446743832244518911 407896064 241057144832 18446743832244510719 2018508800 240520273920 18446743831170768895 1749024768 240789762048 18446743831170764799 1750075392 240788713472 18446743831170762751 -1.0000000000 6
68853694464 34628173824 18446743970227683327 69123178496 34359738368 18446743970226634751 68854743040 34630270976 18446743970224537599 69660049408 34361835520 18446743969687666687 403701760 241057136640 18446743832248713215 4432809951232 206697398272 18446739434202202111 4432808902656 206698448896 18446739434202200063 4432809955328 206697400320 18446739434202195967 4432540467200 206966888464 18446739434202195951 39685632032768 138247411728 18446704249830107119 +1.0000000000 2
68853694464 34628173824 18446743970227683327 69123178496 34359738368 18446743970226634751 68854743040 34630270976 18446743970224537599 69660049408 34361835520 18446743969687666687 69524783104 34497626112 18446743969687142399 69526888448 34495528960 18446743969687134207 69524791296 34501820416 18446743969682939903 69525843968 34500771840 18446743969682935807 68720537600 36379820032 18446743968609193983 344135315456 35842949120 18446743693731287039 -1.0000000000 7
68853694464 34628173824 18446743970227683327 69123178496 34359738368 18446743970226634751 68854743040 34630270976 18446743970224537599 69660049408 34361835520 18446743969687666687 69524783104 34497626112 18446743969687142399 4501931032576 137887744 18446739571640631295 4501394161664 275552665600 18446739296762724351 4503004774400 275015794688 18446739295688982527 4501125726208 279042326528 18446739293541498879 4501260206080 278908108800 18446739293541236735 +1.0000000000 3
68853694464 34628173824 18446743970227683327 69659000832 34359738368 18446743969690812415 69390565376 34630270976 18446743969688715263 69660049408 34361835520 18446743969687666687 403701760 241057136640 18446743832248713215 4432809951232 206697398272 18446739434202202111 4432808902656 206698448896 18446739434202200063 4432809955328 206697400320 18446739434202195967 4432540467200 206966888464 18446739434202195951 39685632032768 138247411728 18446704249830107119 +1.0000000000 6
68853694464 34628173824 18446743970227683327 69659000832 34359738368 18446743969690812415 69390565376 34630270976 18446743969688715263 69660049408 34361835520 18446743969687666687 69524783104 34497626112 18446743969687142399 4501931032576 137887744 18446739571640631295 4501394161664 275552665600 18446739296762724351 4503004774400 275015794688 18446739295688982527 4501125726208 279042326528 18446739293541498879 4501260206080 278908108800 18446739293541236735 +1.0000000000 9
68853694464 34628173824 18446743970227683327 69659000832 34359738368 18446743969690812415 69524783104 34494480384 18446743969690288127 69726109696 34360262656 18446743969623179263 738197504 240787128320 18446743832184225791 738723840 240786604032 18446743832184223743 671614976 240853843968 18446743832184092671 9328658432 240786735104 18446743823594158079 9328134144 240787260416 18446743823594157055 9328662528 240786736128 18446743823594152959 -1.0000000000 2
68853694464 34628173824 18446743970227683327 69659000832 34359738368 18446743969690812415 69524783104 34494480384 18446743969690288127 69726109696 34360262656 18446743969623179263 738197504 240787128320 18446743832184225791 738723840 240786604032 18446743832184223743 738199552 240787129344 18446743832184222719 738727936 240786605056 18446743832184218623 603983872 240921349128 18446743832184218615 35322415026176 103482395656 18446708647812129783 +1.0000000000 3
68853694464 34628173824 18446743970227683327 120393302016 268435456 18446743953047814143 120259084288 469762048 18446743952980705279 120393826304 335544320 18446743952980180991 120393302016 336072704 18446743952980176895 120393828352 335548416 18446743952980174847 120393302016 336075776 18446743952980173823 120393828360 335549440 18446743952980173815 68854220808 4449921668096 18446739554933662711 2285057345544 4432741798912 18446737355910407159 -0.1276595745 94
68853694464 34628173824 18446743970227683327 8899306455040 268435456 18446735174134661119 8864946716672 4432674684928 18446730776088150015 8916486324224 4398314946560 18446730758908280831 51673825280 30855313489920 18446713166722236415 51944357888 30855045054464 18446713166720139263 34764488704 30872258478080 18446713166686584831 60534292480 30855078608896 18446713158096650239 404750336 30919503118336 18446713153801682943 35253496315904 30850783641600 18446677969429594111 +1.0000000000 2
68853694464 34628173824 18446743970227683327 8899306455040 268435456 18446735174134661119 8864946716672 4432674684928 18446730776088150015 8916486324224 4398314946560 18446730758908280831 51673825280 30855313489920 18446713166722236415 1130349627179008 26457266978816 18445587266815393791 1125951580667904 33054336745472 18445585067792138239 3386547487375360 24258243723264 18443333267978452991 3386495947767808 24318373265408 18443333259388518399 3386513161191424 24301193396224 18443333259354963967 -1.0000000000 2
68853694464 34628173824 18446743970227683327 8899306455040 268435456 18446735174134661119 8864946716672 4432674684928 18446730776088150015 8916486324224 4398314946560 18446730758908280831 8899172237312 4415696142336 18446730758841171967 8899442769920 4415427706880 18446730758839074815 103349747712 4516811148099584 18442227159211704319 2260699256455168 4508015055077376 18439975359398019071 68990009344 583229397624946688 17863514607094595583 69124489216 583229397490728960 17863514607094333439 +1.0000000000 4
68853694464 34628173824 18446743970227683327 8899306455040 268435456 18446735174134661119 8864946716672 4432674684928 18446730776088150015 8916486324224 4398314946560 18446730758908280831 8899172237312 4415696142336 18446730758841171967 15496242003968 17649631232 18446728559817916415 11098195492864 1130315602984960 18445602659911073791 11123965296640 1130298423115776 18445602651321139199 2293512536064 3390928689561600 18443350851507453951 4514689232928768 3382132596539392 18438847251880083455 -1.0000000000 1
68853694464 34628173824 18446743970227683327 8899306455040 268435456 18446735174134661119 8899172237312 469762048 18446735174067552255 8899442769920 201326592 18446735174065455103 8830723293184 35253292892160 18446699989693366271 9036881723392 35184573415424 18446699852254412799 8899174334464 35322817675264 18446699851717541887 8899308814336 35322683457536 18446699851717279743 8796229599232 35442942541824 18446699834537410559 11012432723968 35425762672640 18446697635514155007 +1.0000000000 2
68853694464 34628173824 18446743970227683327 8899306455040 268435456 18446735174134661119 8899172237312 469762048 18446735174067552255 8899442769920 201326592 18446735174065455103 8830723293184 35253292892160 18446699989693366271 26491628814336 35184573415424 18446682397507321855 26491360378880 35185378721792 18446682396970450943 26491494858752 35185244504064 18446682396970188799 26491494596608 35185244767232 18446682396970187775 26491764080640 35184976331776 18446682396969139199 +0.0000000000 4
68853694464 34628173824 18446743970227683327 8899306455040 268435456 18446735174134661119 8899172237312 469762048 18446735174067552255 8899442769920 201326592 18446735174065455103 8865083031552 17626747109376 18446717581879410687 8899577511936 17592253153280 18446717581878886399 103484489728 30786392686592 18446713183832375295 1134799484354560 21990299664384 18445587283925532671 8899577511936 289378266358218752 18157356907773820927 8899644751872 289378266291109888 18157356907773689855 -1.0000000000 2
