68853694464 34628173824 18446743970227683327 69123178496 34359738368 18446743970226634751 403701760 240518168576 18446743832787681279 4432809951232 206158430208 18446739434741170175 4432541515776 206427389952 18446739434740645887 4432542302208 206426865664 18446739434740383743 4398182563840 257966473216 18446739417560514559 4415429541888 240786604032 18446739417493405695 4415294799872 240921348096 18446739417493403647 39668520583168 172067653632 18446704233121314815 -0.2500000000 8
68853694464 34628173824 18446743970227683327 69123178496 34359738368 18446743970226634751 403701760 240518168576 18446743832787681279 4432809951232 206158430208 18446739434741170175 4432541515776 206427389952 18446739434740645887 4432542302208 206426865664 18446739434740383743 4432408084480 206628192256 18446739434673274879 4449789280256 206426865664 18446739417493405695 4449788755968 206427390976 18446739417493404671 4449789282304 206426866688 18446739417493402623 -1.0000000000 2
68853694464 34628173824 18446743970227683327 69123178496 34359738368 18446743970226634751 403701760 240518168576 18446743832787681279 4432809951232 206158430208 18446739434741170175 4432541515776 206427389952 18446739434740645887 22093715472384 137439477760 18446721842554601471 22093714423808 137442623488 18446721842552504319 22093715480576 137441574912 18446721842552496127 22093715472384 137441583136 18446721842552496095 22093716258816 137441058848 18446721842552233951 -0.1475409836 61
68853694464 34628173824 18446743970227683327 69123178496 34359738368 18446743970226634751 403701760 240518168576 18446743832787681279 4432809951232 206158430208 18446739434741170175 4432541515776 206427389952 18446739434740645887 22093715472384 137439477760 18446721842554601471 22093714423808 137442623488 18446721842552504319 22093715480576 137441574912 18446721842552496127 22093715472384 137441583136 18446721842552496095 92599898603520 2629664 18446651473808318431 +1.0000000000 60
68853694464 34628173824 18446743970227683327 69123178496 34359738368 18446743970226634751 403701760 240518168576 18446743832787681279 4432809951232 206158430208 18446739434741170175 4432675733504 206292910080 18446739434740908031 4432810475520 206158692352 18446739434740383743 4432541515776 206427653120 18446739434740382719 22093715472384 137439740928 18446721842554338303 22024861777920 35390665524224 18446686658182249471 22024996521984 35390530782208 18446686658182247423 +1.0000000000 73
68853694464 34628173824 18446743970227683327 69123178496 34359738368 18446743970226634751 403701760 240518168576 18446743832787681279 4432809951232 206158430208 18446739434741170175 4432675733504 206292910080 18446739434740908031 4432810475520 206158692352 18446739434740383743 4432541515776 206427653120 18446739434740382719 22093715472384 137439740928 18446721842554338303 22024861777920 35390665524224 18446686658182249471 22025063104512 35390531306496 18446686658115140607 -0.7931034483 29
68853694464 34628173824 18446743970227683327 69123178496 34359738368 18446743970226634751 403701760 240518168576 18446743832787681279 4432809951232 206158430208 18446739434741170175 4432675733504 206292910080 18446739434740908031 4432810475520 206158692352 18446739434740383743 4432541515776 206427653120 18446739434740382719 22093715472384 137439740928 18446721842554338303 22024861777920 35390665524224 18446686658182249471 22042175864832 35390531306496 18446686641002380287 -0.3333333289 48
68853694464 34628173824 18446743970227683327 69123178496 34359738368 18446743970226634751 403701760 240518168576 18446743832787681279 4432809951232 206158430208 18446739434741170175 4432675733504 206292910080 18446739434740908031 4432877060096 206158692352 18446739434673799167 4398450212864 257765408768 18446739417493929983 39651541778432 189045932032 18446704233121841151 4467169689600 9042572672761856 18437697033867100159 4879486550016 9042435233808384 18437696758989193215 +1.0000000000 5
68853694464 34628173824 18446743970227683327 69123178496 34359738368 18446743970226634751 403701760 240518168576 18446743832787681279 4432809951232 206158430208 18446739434741170175 4432675733504 206292910080 18446739434740908031 4432877060096 206158692352 18446739434673799167 4398450212864 257765408768 18446739417493929983 39651541778432 189045932032 18446704233121841151 39651139125248 189985456128 18446704232584970239 39651680190464 189448585216 18446704232580775935 +1.0000000000 4
68853694464 34628173824 18446743970227683327 69123178496 34359738368 18446743970226634751 403701760 240518168576 18446743832787681279 8830856462336 206158430208 18446735036694659071 34763440128 1134902158295040 18445609136787816447 2260630670147584 1126106065272832 18443357336974131199 2260630401712128 1126106334232576 18443357336973606911 2260699926495232 1126037346320384 18443357336436735999 2251834577125376 1134902699884544 18443357336432541695 2251836187738112 1134902163013632 18443357335358799871 -0.0434782609 23
68853694464 34628173824 18446743970227683327 69123178496 34359738368 18446743970226634751 403701760 240518168576 18446743832787681279 8830856462336 206158430208 18446735036694659071 34763440128 1134902158295040 18445609136787816447 2260630670147584 1126106065272832 18443357336974131199 2260630401712128 1126106334232576 18443357336973606911 2260699926495232 1126037346320384 18443357336436735999 2251834577125376 1134902699884544 18443357336432541695 2269495482646528 1134833980407808 18443339744246497279 -0.6190476191 21
68853694464 34628173824 18446743970227683327 69123178496 34359738368 18446743970226634751 403701760 240518168576 18446743832787681279 8830856462336 206158430208 18446735036694659071 34763440128 1134902158295040 18445609136787816447 2260630670147584 1126106065272832 18443357336974131199 2260630401712128 1126106334232576 18443357336973606911 2260699926495232 1126037346320384 18443357336436735999 2260699388575744 1126037886337024 18443357336434638847 2260699389628416 1126037885288448 18443357336434634751 -1.0000000000 28
68853694464 34628173824 18446743970227683327 69123178496 34359738368 18446743970226634751 403701760 240518168576 18446743832787681279 8830856462336 206158430208 18446735036694659071 34763440128 1134902158295040 18445609136787816447 2260630670147584 1126106065272832 18443357336974131199 2260630401712128 1126106334232576 18443357336973606911 2260699926495232 1126037346320384 18443357336436735999 2260699388575744 1126037886337024 18443357336434638847 2260700999188480 1126037349466112 18443357335360897023 -0.0714285714 28
68853694464 34628173824 18446743970227683327 69123178496 34359738368 18446743970226634751 403701760 240518168576 18446743832787681279 8830856462336 206158430208 18446735036694659071 8830586978304 206427918336 18446735036694654975 8830588035072 206426869760 18446735036694646783 8796228296704 4638833119232 18446730638648135679 8796228300816 4638833115136 18446730638648135663 135278608 1139334832979968 18445604738741293039 940584976 1139334564544512 18445604738204422127 +0.1987951807 166
68853694464 34628173824 18446743970227683327 69123178496 34359738368 18446743970226634751 403701760 240518168576 18446743832787681279 8830856462336 206158430208 18446735036694659071 8830586978304 206427918336 18446735036694654975 8830588035072 206426869760 18446735036694646783 8796228296704 4638833119232 18446730638648135679 15393298063360 240786608128 18446728439624880127 6597205041152 2260836693315584 18444476639811194879 6597205045264 2260836693311488 18444476639811194863 +0.9629629629 54
68853694464 34628173824 18446743970227683327 69123178496 34359738368 18446743970226634751 403701760 240518168576 18446743832787681279 8830856462336 206158430208 18446735036694659071 8830586978304 206427918336 18446735036694654975 8830588035072 206426869760 18446735036694646783 8796228296704 4638833119232 18446730638648135679 15393298063360 240786608128 18446728439624880127 6597205041152 2260836693315584 18444476639811194879 578727979774910464 206426869760 17868015887507771391 +1.0000000000 11
68853694464 34628173824 18446743970227683327 69123178496 34359738368 18446743970226634751 403701760 240518168576 18446743832787681279 8830856462336 206158430208 18446735036694659071 8830586978304 206427918336 18446735036694654975 8830588035072 206426869760 18446735036694646783 8796228296704 4638833119232 18446730638648135679 15393298063360 240786608128 18446728439624880127 6597205041152 2260836693315584 18444476639811194879 1155179901625573376 9036879630336 17291555135204347903 +0.9090909091 66
68853694464 34628173824 18446743970227683327 69123178496 34359738368 18446743970226634751 403701760 240518168576 18446743832787681279 8830856462336 206158430208 18446735036694659071 8830586978304 206427918336 18446735036694654975 9311623315456 269488128 18446734761816748031 9174184361984 70506452619264 18446664393072570367 9174453850128 70506183131136 18446664393072570351 8899575943184 71330816851968 18446663843316756463 36108202778038288 824633720832 18410635046297792495 +1.0000000000 177
68853694464 34628173824 18446743970227683327 69123178496 34359738368 18446743970226634751 403701760 240518168576 18446743832787681279 8830856462336 206158430208 18446735036694659071 8830586978304 206427918336 18446735036694654975 9311623315456 269488128 18446734761816748031 9242903838720 17661175009280 18446717169630703615 9243172798464 17660906573824 18446717169630179327 447079776256 30855046107136 18446712771583668223 447082921984 30855045058560 18446712771581571071 -1.0000000000 15
68853694464 34628173824 18446743970227683327 69123178496 34359738368 18446743970226634751 403701760 240518168576 18446743832787681279 8830856462336 206158430208 18446735036694659071 8830586978304 206427918336 18446735036694654975 9311623315456 269488128 18446734761816748031 9242903838720 17661175009280 18446717169630703615 9243172798464 17660906573824 18446717169630179327 9208678842368 17712580399104 18446717152450310143 9208678846496 17712580395008 18446717152450310111 -1.0000000000 3
68853694464 34628173824 18446743970227683327 69123178496 34359738368 18446743970226634751 403701760 240518168576 18446743832787681279 8830856462336 206158430208 18446735036694659071 8830586978304 206427918336 18446735036694654975 9311623315456 269488128 18446734761816748031 9242903838720 17661175009280 18446717169630703615 9243172798464 17660906573824 18446717169630179327 9208678842368 17712580399104 18446717152450310143 9208679895056 17712579346432 18446717152450310127 +1.0000000000 3
68853694464 34628173824 18446743970227683327 69123178496 34359738368 18446743970226634751 403701760 240518168576 18446743832787681279 8830856462336 206158430208 18446735036694659071 8830586978304 206427918336 18446735036694654975 9311623315456 269488128 18446734761816748031 9242903838720 17661175009280 18446717169630703615 9243172798464 17660906573824 18446717169630179327 9208678842368 17712580399104 18446717152450310143 9277935190016 17643860922368 18446717151913439231 -1.0000000000 6
68853694464 34628173824 18446743970227683327 69123178496 34359738368 18446743970226634751 403701760 240518168576 18446743832787681279 8830856462336 206158430208 18446735036694659071 8830588026880 206427389952 18446735036694134783 26491761983488 137439477760 18446717444508090367 26491760934912 137442623488 18446717444505993215 26491761991680 137441574912 18446717444505985023 26491761983488 137441583136 18446717444505984991 96997945114624 2629664 18446647075761807327 -1.0000000000 6
68853694464 34628173824 18446743970227683327 69123178496 34359738368 18446743970226634751 403701760 240518168576 18446743832787681279 17661309222912 171798691840 18446726240601636863 17660906569728 172201869312 18446726240601112575 17695333416960 137842130944 18446726240534003711 17592254201856 258101215232 18446726223354134527 17593193725952 257698562048 18446726222817263615 1007681536 2269649698291712 18444474423003578367 4521261540573184 2251988792770560 18439970823376207871 +0.0000000000 2
68853694464 34628173824 18446743970227683327 69123178496 34359738368 18446743970226634751 403701760 240518168576 18446743832787681279 17661309222912 171798691840 18446726240601636863 17660906569728 172201869312 18446726240601112575 17695333416960 137842130944 18446726240534003711 17592254201856 258101215232 18446726223354134527 17593193725952 257698562048 18446726222817263615 1007681536 9025049139347456 18437719023562522623 4521261540573184 9007388233826304 18433215423935152127 +0.0000000000 2
68853694464 34628173824 18446743970227683327 69123178496 34359738368 18446743970226634751 403701760 240518168576 18446743832787681279 17661309222912 171798691840 18446726240601636863 17660906569728 172201869312 18446726240601112575 17695333416960 137842130944 18446726240534003711 17592254201856 258101215232 18446726223354134527 17593193725952 257698562048 18446726222817263615 17592992399360 257900150784 18446726222817001471 52914803441664 120461197312 18446691038444912639 -0.2000000000 5
68853694464 34628173824 18446743970227683327 69123178496 34359738368 18446743970226634751 403701760 240518168576 18446743832787681279 17661309222912 171798691840 18446726240601636863 17660906569728 172201869312 18446726240601112575 17695333416960 137842130944 18446726240534003711 17592254201856 258101215232 18446726223354134527 17593193725952 257698562048 18446726222817263615 17593058459648 257833836544 18446726222817255423 17593059510272 257832787968 18446726222817253375 +1.0000000000 51
68853694464 34628173824 18446743970227683327 69123178496 34359738368 18446743970226634751 403701760 240518168576 18446743832787681279 70506586832896 103079215104 18446673464043503615 70506452615168 103213694976 18446673464043241471 70626845917184 262144 18446673446863372287 70557992222720 35253226045440 18446638262491283455 70558193549312 35253091827712 18446638262424174591 189449371648 246359324360704 18446497524935819263 17850354892800 246290604883968 18446479932749774847 -0.4977391304 5750
68853694464 34628173824 18446743970227683327 69123178496 34359738368 18446743970226634751 68854743040 34630270976 18446743970224537599 69660049408 34361835520 18446743969687666687 403701760 241057136640 18446743832248713215 409993216 241055039488 18446743832244518911 407896064 241057144832 18446743832244510719 2018508800 240520273920 18446743831170768895 1749024768 240789762048 18446743831170764799 1750075392 240788713472 18446743831170762751 -1.0000000000 6
68853694464 34628173824 18446743970227683327 69123178496 34359738368 18446743970226634751 68854743040 34630270976 18446743970224537599 69660049408 34361835520 18446743969687666687 403701760 241057136640 18446743832248713215 4432809951232 206697398272 18446739434202202111 4432808902656 206698448896 18446739434202200063 4432809955328 206697400320 18446739434202195967 4432540467200 206966888464 18446739434202195951 39685632032768 138247411728 18446704249830107119 +1.0000000000 2
68853694464 34628173824 18446743970227683327 69123178496 34359738368 18446743970226634751 68854743040 34630270976 18446743970224537599 69660049408 34361835520 18446743969687666687 69524783104 34497626112 18446743969687142399 69526888448 34495528960 18446743969687134207 69524791296 34501820416 18446743969682939903 69525843968 34500771840 18446743969682935807 68720537600 36379820032 18446743968609193983 344135315456 35842949120 18446743693731287039 -1.0000000000 7
68853694464 34628173824 18446743970227683327 69123178496 34359738368 18446743970226634751 68854743040 34630270976 18446743970224537599 69660049408 34361835520 18446743969687666687 69524783104 34497626112 18446743969687142399 4501931032576 137887744 18446739571640631295 4501394161664 275552665600 18446739296762724351 4503004774400 275015794688 18446739295688982527 4501125726208 279042326528 18446739293541498879 4501260206080 278908108800 18446739293541236735 +1.0000000000 3
68853694464 34628173824 18446743970227683327 69123178496 34359738368 18446743970226634751 68988960768 34494480384 18446743970226110463 69190287360 34360262656 18446743970159001599 69123178496 43017306112 18446743961569067007 69223841792 42950197248 18446743961535512575 69123178496 43050991616 18446743961535381503 69240619008 42950328320 18446743961518604287 68971134976 43221909504 18446743961516507135 68972191744 43220860928 18446743961516498943 -0.5999999978 15
68853694464 34628173824 18446743970227683327 69659000832 34359738368 18446743969690812415 939524096 240518168576 18446743832251858943 17661845045248 171798691840 18446726240065814527 69659000832 2269563798421504 18444474440252129279 4521261472415744 2251971612377088 18439970840624758783 69659000832 15780362680532992 18430963641370017791 1157442766079262720 11259170867118080 17278042136763170815 1157442765273956352 11259171674521600 17278042136761073663 1157442765815021568 11259171137650688 17278042136756879359 -1.0000000000 15
68853694464 34628173824 18446743970227683327 69659000832 34359738368 18446743969690812415 939524096 240518168576 18446743832251858943 17661845045248 171798691840 18446726240065814527 69659000832 2269563798421504 18444474440252129279 4521261472415744 2251971612377088 18439970840624758783 69659000832 15780362680532992 18430963641370017791 1157442766079262720 11259170867118080 17278042136763170815 1157442765273956352 11259171674521600 17278042136761073663 1157451595726716928 11259137314783232 17278033340668051455 -1.0000000000 11
68853694464 34628173824 18446743970227683327 69659000832 34359738368 18446743969690812415 939524096 240518168576 18446743832251858943 17661845045248 171798691840 18446726240065814527 69659000832 9024963239477248 18437719040811073535 4521261472415744 9007371053432832 18433215441183703039 4521260667109376 9007371860836352 18433215441181605887 4530091119869952 9007337501097984 18433206645088583679 8830586978304 1166450102640836608 17280285140481736703 61675864588288 1166432441735315456 17280249956109647871 -0.6000000000 5
68853694464 34628173824 18446743970227683327 69659000832 34359738368 18446743969690812415 69390565376 34630270976 18446743969688715263 69660049408 34361835520 18446743969687666687 403701760 241057136640 18446743832248713215 4432809951232 206697398272 18446739434202202111 4432808902656 206698448896 18446739434202200063 4432809955328 206697400320 18446739434202195967 4432540467200 206966888464 18446739434202195951 39685632032768 138247411728 18446704249830107119 +1.0000000000 21
68853694464 34628173824 18446743970227683327 69659000832 34359738368 18446743969690812415 69390565376 34630270976 18446743969688715263 69660049408 34361835520 18446743969687666687 69524783104 34497626112 18446743969687142399 4501931032576 137887744 18446739571640631295 4501394161664 275552665600 18446739296762724351 4503004774400 275015794688 18446739295688982527 4501125726208 279042326528 18446739293541498879 4501260206080 278908108800 18446739293541236735 +1.0000000000 29
68853694464 34628173824 18446743970227683327 69659000832 34359738368 18446743969690812415 69390565376 34630270976 18446743969688715263 120930172928 270532608 18446743952508846079 120393302016 1881145344 18446743951435104255 120662786048 1612709888 18446743951434055679 120661737472 1613760512 18446743951434053631 120662794240 1612711936 18446743951434045439 120662786048 1612720160 18446743951434045407 120662788100 1612718112 18446743951434045403 +0.0000000000 14
68853694464 34628173824 18446743970227683327 69659000832 34359738368 18446743969690812415 69390565376 34630270976 18446743969688715263 120930172928 270532608 18446743952508846079 120393302016 138246356992 18446743815069892607 122272350208 137441050624 18446743813996150783 122003914752 137710010368 18446743813995626495 122273398784 137441574912 18446743813994577919 87779442688 8968028553216 18446735017901555711 87980769280 8967894335488 18446735017834446847 -0.5000000000 4
68853694464 34628173824 18446743970227683327 69659000832 34359738368 18446743969690812415 69390565376 34630270976 18446743969688715263 120930172928 270532608 18446743952508846079 120393302016 138246356992 18446743815069892607 122272350208 137441050624 18446743813996150783 122003914752 137710010368 18446743813995626495 122273398784 137441574912 18446743813994577919 121199656960 138523705344 18446743813986189311 124420882432 137449963520 18446743811838705663 +1.0000000000 39
68853694464 34628173824 18446743970227683327 69659000832 34359738368 18446743969690812415 69524783104 34494480384 18446743969690288127 69525308416 34493956096 18446743969690287103 805831680 35287585521664 18446708785318198271 8900112286720 35184372088832 18446699989225176063 8831258592256 35253226045440 18446699989224913919 9037417022464 35184506568704 18446699851785960447 8899441198080 35322484490240 18446699851783863295 79405624329216 35185045536768 18446629483039685631 +1.0000000000 2
68853694464 34628173824 18446743970227683327 69659000832 34359738368 18446743969690812415 69524783104 34494480384 18446743969690288127 69525308416 34493956096 18446743969690287103 805831680 35287585521664 18446708785318198271 8900112286720 35184372088832 18446699989225176063 8831258592256 35253226045440 18446699989224913919 9037417022464 35184506568704 18446699851785960447 9037417021440 35184506569732 18446699851785960443 9051421043851264 134480900 18437692652531219451 -1.0000000000 45
68853694464 34628173824 18446743970227683327 69659000832 34359738368 18446743969690812415 69524783104 34494480384 18446743969690288127 69726109696 34360262656 18446743969623179263 738197504 240787128320 18446743832184225791 738723840 240786604032 18446743832184223743 671614976 240853843968 18446743832184092671 9328658432 240786735104 18446743823594158079 9328134144 240787260416 18446743823594157055 9328662528 240786736128 18446743823594152959 -0.1428571428 14
68853694464 34628173824 18446743970227683327 69659000832 34359738368 18446743969690812415 69524783104 34494480384 18446743969690288127 69726109696 34360262656 18446743969623179263 738197504 240787128320 18446743832184225791 738723840 240786604032 18446743832184223743 738199552 240787129344 18446743832184222719 738727936 240786605056 18446743832184218623 603983872 240921349128 18446743832184218615 35322415026176 103482395656 18446708647812129783 +1.0000000000 19
68853694464 34628173824 18446743970227683327 69659000832 34359738368 18446743969690812415 69524783104 34494480384 18446743969690288127 69726109696 34360262656 18446743969623179263 738197504 240787128320 18446743832184225791 17627283980288 206427389952 18446726239998181375 17592790024192 9037014368256 18446717443905159167 17661778984960 8968026456064 18446717443904110591 17592522637312 9037286998016 18446717443899916287 17867937415168 9036750127104 18446717169022009343 +1.0000000000 17
68853694464 34628173824 18446743970227683327 69659000832 34359738368 18446743969690812415 69524783104 34494480384 18446743969690288127 69726109696 34360262656 18446743969623179263 738197504 240787128320 18446743832184225791 17627283980288 206427389952 18446726239998181375 17626747109376 206968455168 18446726239993987071 17695736070144 137980542976 18446726239992938495 17592522637312 9037286998016 18446717443899916287 17867937415168 9036750127104 18446717169022009343 +1.0000000000 1
68853694464 34628173824 18446743970227683327 69659000832 34359738368 18446743969690812415 69524783104 34494480384 18446743969690288127 69726109696 34360262656 18446743969623179263 738197504 240787128320 18446743832184225791 17627283980288 206427389952 18446726239998181375 17626747109376 206968455168 18446726239993987071 52879838674944 138248978432 18446691055621898239 17695466586112 9042521875808256 18437683856367157247 17695737118720 9042521607372800 18437683856365060095 +1.0000000000 1
68853694464 34628173824 18446743970227683327 69659000832 34359738368 18446743969690812415 69524783104 34494480384 18446743969690288127 121064390656 134742016 18446743952510418943 103884521472 2216337866752 18446741753487163391 129654325248 2199157997568 18446741744897228799 95294586880 11029610758144 18446732948804206591 4527700836352 10995251019776 18446728550757695487 4458444488704 11064511561728 18446728550753501183 4664602918912 10995792084992 18446728413314547711 -0.7037037037 81
68853694464 34628173824 18446743970227683327 69659000832 34359738368 18446743969690812415 69524783104 34494480384 18446743969690288127 121064390656 134742016 18446743952510418943 120795955200 137842130944 18446743815071465471 121265717248 137439477760 18446743815004356607 120728846336 137978445824 18446743815002259455 122339459072 137441574912 18446743813928517631 121265717248 138523705344 18446743813920129023 35443076759552 1084751872 18446708629548040191 +0.0000000000 3
68853694464 34628173824 18446743970227683327 69659000832 34359738368 18446743969690812415 69524783104 34494480384 18446743969690288127 4501931032576 134742016 18446739571643777023 4433211555840 35253226307584 18446704387271688191 4639369986048 35184506830848 18446704249832734719 4501662597120 105690958397440 18446633881088557055 4502132359168 105690555744256 18446633881021448191 4433278664704 105759409700864 18446633881021186047 4914315001856 105553251270656 18446633606143279103 +1.0000000003 50
68853694464 34628173824 18446743970227683327 69659000832 34359738368 18446743969690812415 69524783104 34494480384 18446743969690288127 4501931032576 134742016 18446739571643777023 4433211555840 35253226307584 18446704387271688191 4639369986048 35184506830848 18446704249832734719 4501662597120 105690958397440 18446633881088557055 4502132359168 105690555744256 18446633881021448191 4433278664704 105759409700864 18446633881021186047 13298091163648 105690690224128 18446625084928163839 -0.4166666668 48
68853694464 34628173824 18446743970227683327 69659000832 34359738368 18446743969690812415 69524783104 34494480384 18446743969690288127 4501931032576 134742016 18446739571643777023 4433211555840 35253226307584 18446704387271688191 4639369986048 35184506830848 18446704249832734719 4501662597120 105690958397440 18446633881088557055 4502132359168 105690555744256 18446633881021448191 4433278664704 105759409700864 18446633881021186047 22094184185856 105690690224128 18446616288835141631 -0.3939393939 33
68853694464 34628173824 18446743970227683327 69659000832 34359738368 18446743969690812415 69524783104 34494480384 18446743969690288127 4501931032576 134742016 18446739571643777023 4501662597120 137842130944 18446739434204823551 4502132359168 137439477760 18446739434137714687 4501595488256 137978445824 18446739434135617535 4502136553472 137441574912 18446739434131423231 4502132359168 137454157824 18446739434123034623 4502132884480 137453633536 18446739434123033599 +1.0000000000 3
68853694464 34628173824 18446743970227683327 69659000832 34359738368 18446743969690812415 69524783104 34494480384 18446743969690288127 4501931032576 134742016 18446739571643777023 4501662597120 137842130944 18446739434204823551 4502132359168 137439477760 18446739434137714687 4501595488256 137978445824 18446739434135617535 4502136553472 137441574912 18446739434131423231 4502132359168 137454157824 18446739434123034623 39823943401472 15204352 18446704249750945791 +1.0000000000 3
68853694464 34628173824 18446743970227683327 120393302016 268435456 18446743953047814143 51673825280 17661173956608 18446726360861769727 51944357888 17660905521152 18446726360859672575 404750336 17721035063296 18446726352269737983 2216607875072 17703855194112 18446724153246482431 2216473657344 17703989673984 18446724153246220287 2216674983936 17703855456256 18446724153179111423 2216473657344 17704057307136 18446724153178587135 6648879906816 17669697568768 18446719755132076031 -0.2500000000 24
68853694464 34628173824 18446743970227683327 120393302016 268435456 18446743953047814143 51673825280 17661173956608 18446726360861769727 51944357888 17660905521152 18446726360859672575 404750336 17721035063296 18446726352269737983 2216607875072 17703855194112 18446724153246482431 2216473657344 17703989673984 18446724153246220287 2229358559232 17695399739392 18446724148951252991 13155434496 301386579574784 18446442673974542335 1128112085532672 299187556319232 18445316774067699711 +0.2500000001 80
68853694464 34628173824 18446743970227683327 120393302016 268435456 18446743953047814143 51673825280 17661173956608 18446726360861769727 51944357888 17660905521152 18446726360859672575 17584619520 17695332368384 18446726360792563711 258102788096 17592253153280 18446726223353610239 240922918912 22007479533568 18446721825307099135 2457126043648 21990299664384 18446719626283843583 258102788096 25288834547712 18446718526772215807 258170159104 25288767438848 18446718526771953663 -1.0000000000 3
68853694464 34628173824 18446743970227683327 120393302016 268435456 18446743953047814143 51673825280 17661173956608 18446726360861769727 51944357888 17660905521152 18446726360859672575 17584619520 17695332368384 18446726360792563711 258102788096 17592253153280 18446726223353610239 240922918912 22007479533568 18446721825307099135 2457126043648 21990299664384 18446719626283843583 258102788096 25288834547712 18446718526772215807 9025049543573504 7696648503296 18437711327517474815 +1.0000000001 9
68853694464 34628173824 18446743970227683327 120393302016 268435456 18446743953047814143 51673825280 17661173956608 18446726360861769727 52479131648 17660905521152 18446726360324898815 939524096 17721035063296 18446726351734964223 2217142648832 17703855194112 18446724152711708671 2216874213376 17704124678144 18446724152710660095 2229759115264 17695534743552 18446724148415692799 13421772800 301386848796672 18446442673438982143 1128112351870976 299187825541120 18445316773532139519 +0.0149253732 67
68853694464 34628173824 18446743970227683327 120393302016 268435456 18446743953047814143 51673825280 17661173956608 18446726360861769727 52479131648 17660905521152 18446726360324898815 939524096 17721035063296 18446726351734964223 4521261472415744 60129542144 18442222752107593727 4503669286371328 9024851570327552 18433215552852852735 4503733710880768 9024791440785408 18433215548557885439 134083510272 1166449895675002880 17280294043951038463 4620710943951683584 1157425104234217472 12668608025523650559 +1.0000000000 62
68853694464 34628173824 18446743970227683327 120393302016 268435456 18446743953047814143 51673825280 17661173956608 18446726360861769727 52479131648 17660905521152 18446726360324898815 939524096 17721035063296 18446726351734964223 4521261472415744 60129542144 18442222752107593727 4521192752939008 266287972352 18442222614668640255 4521227179786240 231928233984 18442222614601531391 4521226642915328 232467202048 18442222614599434239 4525641869295616 215287332864 18442218216552923135 -1.0000000000 6
68853694464 34628173824 18446743970227683327 120393302016 268435456 18446743953047814143 51673825280 17661173956608 18446726360861769727 52479131648 17660905521152 18446726360324898815 939524096 17721035063296 18446726351734964223 4521261472415744 60129542144 18442222752107593727 4521192752939008 266287972352 18442222614668640255 4521227179786240 231928233984 18442222614601531391 4521226777133056 232331935744 18442222614600482815 4522334878695424 223742001152 18442221515088855039 -1.0000000000 3
68853694464 34628173824 18446743970227683327 120393302016 268435456 18446743953047814143 51673825280 17661173956608 18446726360861769727 52479131648 17660905521152 18446726360324898815 18119393280 17695332368384 18446726360257789951 258637561856 17592253153280 18446726222818836479 241457692672 22007479533568 18446721824772325375 2457660817408 21990299664384 18446719625749069823 258637561856 25288834547712 18446718526237442047 9025050078347264 7696648503296 18437711326982701055 +0.0000000000 6
68853694464 34628173824 18446743970227683327 120393302016 268435456 18446743953047814143 51673825280 17661173956608 18446726360861769727 52479131648 17660905521152 18446726360324898815 18119393280 17695332368384 18446726360257789951 4450525642752 17660972630016 18446721962211278847 4398986035200 17721102172160 18446721953621344255 4416233275392 17703855194112 18446721953621082111 4415964839936 17704124678144 18446721953620033535 4428849741824 17695534743552 18446721949325066239 +1.0000000000 9
68853694464 34628173824 18446743970227683327 120393302016 268435456 18446743953047814143 51673825280 17661173956608 18446726360861769727 257832255488 17592454479872 18446726223422816255 223338299392 17627015544832 18446726223355707391 223607259136 17626747109376 18446726223355183103 154619346944 17695736070144 18446726223354134527 8985206325248 17661242114048 18446717427261112319 137573695488 30906921254912 18446713029214601215 138379001856 30906652819456 18446713028677730303 -1.0000000000 1
68853694464 34628173824 18446743970227683327 120393302016 268435456 18446743953047814143 51673825280 17661173956608 18446726360861769727 257832255488 17592454479872 18446726223422816255 223338299392 17627015544832 18446726223355707391 223607259136 17626747109376 18446726223355183103 154619346944 17695736070144 18446726223354134527 8985206325248 17661242114048 18446717427261112319 189113303040 1152357241978880 18445591527354269695 189918609408 1152356973543424 18445591526817398783 -1.0000000000 1
68853694464 34628173824 18446743970227683327 120393302016 268435456 18446743953047814143 51673825280 17661173956608 18446726360861769727 257832255488 17592454479872 18446726223422816255 223338299392 17627015544832 18446726223355707391 223607259136 17626747109376 18446726223355183103 154619346944 17695736070144 18446726223354134527 8985206325248 17661242114048 18446717427261112319 8967892238336 19877579456512 18446715228237856767 8985105661952 19860399587328 18446715228204302335 +1.0000000000 1
68853694464 34628173824 18446743970227683327 120393302016 268435456 18446743953047814143 51673825280 17661173956608 18446726360861769727 257832255488 17592454479872 18446726223422816255 223338299392 17627015544832 18446726223355707391 223607259136 17626747109376 18446726223355183103 154887782400 52879838674944 18446691038983094271 155023048704 52879704457216 18446691038982045695 137843179520 57294930837504 18446686640935534591 8968295940096 57260571099136 18446677844842512383 -0.1428571429 7
68853694464 34628173824 18446743970227683327 120393302016 268435456 18446743953047814143 120259084288 469762048 18446743952980705279 120393826304 335544320 18446743952980180991 120393302016 336072704 18446743952980176895 120393828352 335548416 18446743952980174847 120393302016 336075776 18446743952980173823 120393828360 335549440 18446743952980173815 68854220808 4449921668096 18446739554933662711 2285057345544 4432741798912 18446737355910407159 +0.0260869565 115
68853694464 34628173824 18446743970227683327 8899306455040 268435456 18446735174134661119 8830586978304 17661173956608 18446717581948616703 9036745408512 17592454479872 18446717444509663231 8899306455040 17730967175168 18446717443435921407 9311623315456 17593528221696 18446717168558014463 8899306455040 88374589259776 18446646799813836799 9861379129344 87962272399360 18446646250058022911 1030926368768 101190771671040 18446641852011511807 1135726926233600 92394678648832 18445515952104669183 -1.0000000000 30
68853694464 34628173824 18446743970227683327 8899306455040 268435456 18446735174134661119 8864946716672 4432674684928 18446730776088150015 8916486324224 4398314946560 18446730758908280831 51673825280 30855313489920 18446713166722236415 51944357888 30855045054464 18446713166720139263 34764488704 30872258478080 18446713166686584831 60534292480 30855078608896 18446713158096650239 404750336 30919503118336 18446713153801682943 35253496315904 30850783641600 18446677969429594111 +1.0000000000 2
68853694464 34628173824 18446743970227683327 8899306455040 268435456 18446735174134661119 8864946716672 4432674684928 18446730776088150015 8916486324224 4398314946560 18446730758908280831 51673825280 30855313489920 18446713166722236415 1130349627179008 26457266978816 18445587266815393791 1125951580667904 33054336745472 18445585067792138239 3386547487375360 24258243723264 18443333267978452991 3386495947767808 24318373265408 18443333259388518399 3386513161191424 24301193396224 18443333259354963967 -1.0000000000 2
68853694464 34628173824 18446743970227683327 8899306455040 268435456 18446735174134661119 8864946716672 4432674684928 18446730776088150015 8916486324224 4398314946560 18446730758908280831 51673825280 30855313489920 18446713166722236415 9024843114610688 13263127445504 18437705967467495423 9024791575003136 13323256987648 18437705958877560831 9040201917661184 111937585152 18437703759854305279 15410476875776 4620710921805758464 13826017741426917375 15423361777664 4620710913215823872 13826017737131950079 +0.2444444445 135
68853694464 34628173824 18446743970227683327 8899306455040 268435456 18446735174134661119 8864946716672 4432674684928 18446730776088150015 8916486324224 4398314946560 18446730758908280831 8899172237312 4415696142336 18446730758841171967 8899442769920 4415427706880 18446730758839074815 103349747712 4516811148099584 18442227159211704319 2260699256455168 4508015055077376 18439975359398019071 68990009344 583229397624946688 17863514607094595583 69124489216 583229397490728960 17863514607094333439 +1.0000000000 4
68853694464 34628173824 18446743970227683327 8899306455040 268435456 18446735174134661119 8864946716672 4432674684928 18446730776088150015 8916486324224 4398314946560 18446730758908280831 8899172237312 4415696142336 18446730758841171967 15496242003968 17649631232 18446728559817916415 11098195492864 1130315602984960 18445602659911073791 11123965296640 1130298423115776 18445602651321139199 2293512536064 3390928689561600 18443350851507453951 4514689232928768 3382132596539392 18438847251880083455 -1.0000000000 1
68853694464 34628173824 18446743970227683327 8899306455040 268435456 18446735174134661119 8899172237312 469762048 18446735174067552255 8899306979328 335544320 18446735174067027967 8796227764224 17695600803840 18446717581880983551 8933935153152 17695332368384 18446717444442030079 137842130944 2278291239075840 18444465644628344831 258101215232 2278188159860736 18444465627448475647 188979085312 2278257818861568 18444465626911604735 189046456320 2278257751752704 18444465626911342591 +0.0000000000 4
68853694464 34628173824 18446743970227683327 8899306455040 268435456 18446735174134661119 8899172237312 469762048 18446735174067552255 8899306979328 335544320 18446735174067027967 8796227764224 17695600803840 18446717581880983551 8933935153152 17695332368384 18446717444442030079 137842130944 2278291239075840 18444465644628344831 35390933696512 2278222519599104 18444430460256255999 206561607680 2383775635865600 18444360091512078335 4638967857152 2383741276127232 18444355693465567231 +0.2000000000 5
68853694464 34628173824 18446743970227683327 8899306455040 268435456 18446735174134661119 8899172237312 469762048 18446735174067552255 8899306979328 335544320 18446735174067027967 8796227764224 17695600803840 18446717581880983551 8933935153152 17695332368384 18446717444442030079 8933532499968 17696271892480 18446717443905159167 9053791584256 17593192677376 18446717426725289983 188979085312 1152357912018944 18445591526818447359 4512584699478016 1143561818996736 18441087927191076863 +1.0000000000 4
68853694464 34628173824 18446743970227683327 8899306455040 268435456 18446735174134661119 8899172237312 469762048 18446735174067552255 8899441721344 201326592 18446735174066503679 8865081982976 17626747109376 18446717581880459263 8899576463360 17592253153280 18446717581879934975 103483441152 30786392686592 18446713183833423871 2260699390148608 21990299664384 18444461384019738623 8899576463360 290504166265061376 18156231007868026879 61676134596608 290486574079016960 18156195823495938047 +1.0000000000 3
68853694464 34628173824 18446743970227683327 8899306455040 268435456 18446735174134661119 8899172237312 469762048 18446735174067552255 8899441721344 201326592 18446735174066503679 8865081982976 17626747109376 18446717581880459263 13297488232448 17592387371008 18446713183833948159 4467035471872 2278222653816832 18444461384020262911 66039686627328 2251834374750208 18444426199648174079 66039418191872 2251835180056576 18444426199111303167 578778591535300608 35366371328 17867965446807879679 +1.0000000000 3
68853694464 34628173824 18446743970227683327 8899306455040 268435456 18446735174134661119 8899172237312 469762048 18446735174067552255 8899442769920 201326592 18446735174065455103 8830723293184 35253292892160 18446699989693366271 9036881723392 35184573415424 18446699852254412799 8899174334464 35322817675264 18446699851717541887 8899308814336 35322683457536 18446699851717279743 8796229599232 35442942541824 18446699834537410559 11012432723968 35425762672640 18446697635514155007 +1.0000000000 2
68853694464 34628173824 18446743970227683327 8899306455040 268435456 18446735174134661119 8899172237312 469762048 18446735174067552255 8899442769920 201326592 18446735174065455103 8830723293184 35253292892160 18446699989693366271 26491628814336 35184573415424 18446682397507321855 26491360378880 35185378721792 18446682396970450943 26491494858752 35185244504064 18446682396970188799 26491494596608 35185244767232 18446682396970187775 26491764080640 35184976331776 18446682396969139199 +0.0000000000 4
68853694464 34628173824 18446743970227683327 8899306455040 268435456 18446735174134661119 8899172237312 469762048 18446735174067552255 8899442769920 201326592 18446735174065455103 8865083031552 17626747109376 18446717581879410687 8899577511936 17592253153280 18446717581878886399 103484489728 30786392686592 18446713183832375295 1134799484354560 21990299664384 18445587283925532671 8899577511936 289378266358218752 18157356907773820927 8899644751872 289378266291109888 18157356907773689855 +0.0909090909 11
68853694464 34628173824 18446743970227683327 8899306455040 268435456 18446735174134661119 8899172237312 469762048 18446735174067552255 8899442769920 201326592 18446735174065455103 8865083031552 17626747109376 18446717581879410687 8899577511936 17592253153280 18446717581878886399 103484489728 30786392686592 18446713183832375295 1134799484354560 21990299664384 18445587283925532671 8899577511936 289378266358218752 18157356907773820927 4530091390926848 289360674172174336 18152853308146450431 +1.0000000000 3
