1837056 241459789824 1 1.0 5
1839104 241459789824 1 1.0 1
68944896 240920822272 1 -1.0 15
71042048 8899574890496 1 -1.0 1
135278608 567588786536448 1 1.0 1
136249344 240853712896 1 1.0 1
203163648 240786605056 1 -1.0 12
205000704 4501394423808 1 1.0 1
205258752 240786608128 1 -1.0 13
236716032 240786735104 1 0.12 25
236716032 249376538624 1 1.0 30
470549504 9311489097728 1 -1.0 1
470679552 120292704256 1 -1.0 5
470679552 124587606016 1 1.0 1
470679552 61675730370560 1 0.0 6
473432064 120800149504 1 -1.0 10
738724872 240786604032 1 1.0 5
1007943680 240518694912 1 -0.333333333333 9
8993570816 120326193152 1 1.0 1
17383030784 240820158464 1 -1.0 10
17651728384 30889405317120 1 -1.0 1
17685544960 17695265390592 1 -1.0 1
17854111744 17695600803840 1 -1.0 10
18120445952 8899173023744 1 -0.272727272727 11
34428821504 69155684352 1 -0.6 5
34496581688 68988960768 1 1.0 1
34563949056 68988964864 1 0.6 5
34632241152 68853702656 1 1.0 1
34763968512 35391067392000 1 -1.0 11
34763968512 35391067398144 1 1.0 23
34764750848 61779346456576 1 -1.0 1
34764750848 4556582880804864 1 1.0 1
34766063616 4521260533153792 1 1.0 18
34830287872 35665408425984 1 0.0 6
34830561296 69260541952 1 0.142857142857 7
34831728640 22076132163584 1 -1.0 1
34833301504 68719739392 1 1.0 1
34881929216 18049651602096128 1 1.0 5
35032401920 68988178448 1 1.0 5
35103186944 4521260801327104 1 -0.833333333334 12
35168194560 206293434368 1 -1.0 5
35300841472 68721836032 1 0.5 8
35366371328 18049651602882560 1 1.0 1
35366899712 68720795648 1 -0.5 4
35366903808 68720791552 1 -1.0 6
35367421952 68719489088 1 -1.0 3
35367428160 68719497216 1 -0.333333333333 3
35368468480 19877109694464 1 -1.0 1
35371089920 4521260533153792 1 -1.0 10
35971401728 35390933176320 1 1.0 5
36239837184 35390664744960 1 1.0 11
36440113152 68725506048 1 -1.0 1
36440113152 343599218688 1 -1.0 1
36440113152 4521260537118720 1 -1.0 16
36440121344 343598436352 1 -1.0 2
38521012224 343602626560 1 -0.674418604651 43
51676450848 17661175005184 1 1.0 1
51676979200 30855313489920 1 -1.0 1
51677757440 17661173957632 1 1.0 1
51877511168 4521261203980288 1 1.0 1
51943833600 61641370894336 1 -1.0 4
51945947264 17660905521152 1 1.0 1
52011466752 30855045316608 1 1.0 1
52213850112 17661174218752 1 -1.0 6
52279117824 17661173956608 1 1.0 5
52480180224 68720267296 1 -1.0 5
52481253504 17660905521152 1 -0.285714285714 7
52548337664 17660906831872 1 1.0 1
53554970624 17935784476672 1 1.0 1
53554978816 17660909715456 1 -0.142857142857 7
77384646656 34762391552 1 1.0 1
86336602112 2265028380065792 1 0.6 5
86370156544 2265028313481216 1 1.0 4
86572802048 4432675209216 1 0.333333333333 3
86839918592 2265028315054080 1 -1.0 7
86905978880 4432409919488 1 1.0 1
86905978880 8830456430592 1 1.0 1
86908084224 4432406773760 1 1.0 4
87913660416 4569847300096 1 -0.142857142857 14
103483441152 2304714347642880 1 -1.0 5
103484227584 2304714347642880 1 1.0 5
103551074304 123282742312960 1 1.0 1
103583580160 2265011133087744 1 0.0769230769231 13
104086374400 2216204173312 1 1.0 5
120396455936 1879572480 1 1.0 5
120662794240 1612711936 1 -1.0 11
120662794240 9024791541448704 1 -0.555555555556 9
120663310336 1679818752 1 1.0 8
120663310336 138045030400 1 -1.0 4
120663834624 101450752 1 -1.0 5
120664883200 36099303202619392 1 -1.0 10
120930699264 337642496 1 1.0 6
120930699264 337645568 1 -1.0 7
121064915970 134220288 1 -1.0 6
121198608384 8660713472 1 -1.0 1
121199132672 2278188159860736 1 0.2 5
121203064832 44117904064512 1 -1.0 5
121265717248 527362 1 1.0 4
121265718272 137439479808 1 1.0 3
122273398784 137441574912 1 -1.0 14
124419833856 137449439232 1 0.454545454545 11
124419833856 687196864512 1 0.090909090909 11
129654326272 2199157999616 1 -1.0 9
257765539840 8797032546304 1 1.0 1
257833312256 369102848 1 1.0 1
257834090496 8796363554816 1 -0.2 5
258033845248 8796260794368 1 -1.0 4
258100953088 8796636184576 1 1.0 1
258101215232 1679818752 1 -1.0 3
258101215232 17592286969856 1 -1.0 9
258101217280 17592253157376 1 -1.0 1
266556932096 283674134446080 1 -1.0 7
266690887680 8796663447552 1 1.0 1
1108573421568 17712445390848 1 -1.0 1
1108573683712 17712445128704 1 1.0 1
1314596061184 17643859869696 1 -0.2 5
2216876318720 17704123629568 1 1.0 9
2217143701504 103080001536 1 1.0 3
2217144745984 17703856242688 1 -1.0 1
2229358559232 17695399739392 1 1.0 1
2229358559232 17695400001536 1 0.0909090909092 11
2388472102912 35253091827712 1 1.0 16
2388941864960 17660906569728 1 -1.0 24
2422765780992 4432408346624 1 -0.958333333334 96
2456990254080 671090688 1 1.0 7
2457124208640 8796663447552 1 1.0 1
2457124471808 1310720 1 -1.0 16
2457124472832 1310720 1 1.0 11
2457124995072 788480 1 -1.0 15
2457126043648 21990299664384 1 1.0 1
2457529221120 134479872 1 -1.0 17
4432812048384 206158458880 1 -1.0 1
4433413406720 2284923650048 1 0.6 5
4451668590592 68720525312 1 0.2 5
4467772882944 8967892238336 1 -1.0 1
4535821533184 128984285184 1 0.2 5
4570651034624 18049651735265280 1 1.0 1
6666729816064 2260630268542976 1 -1.0 7
8831460180992 35253091565568 1 -0.6 5
8865820180480 4569845727232 1 0.0909090909091 11
8899714482176 503316480 1 1.0 2
8899978723328 35184606969856 1 0.0 6
8900179527680 4398046511104 1 -1.0 6
8916491567104 4398317060096 1 -1.0 7
8916493664256 4398315470848 1 -1.0 8
8916493664256 4398382055424 1 -1.0 4
8968497922048 35253494218752 1 1.0 1
15393304346624 240786604032 1 -0.428571428571 7
