7 0 1 2 3 4 5 6
14 8 9 10 11 12 13
22 15 16 17 18 19 20 21
29 23 24 25 26 27 28
36 30 31 32 33 34 35
42 37 38 39 40 41
49 43 44 45 46 47 48
50 7 14 22 29 36 42 49
57 51 52 53 54 55 56
62 9 58 59 60 61
70 63 64 65 66 67 68 69
78 71 72 73 74 75 76 77
86 79 80 81 82 83 84 85
94 87 88 89 90 91 92 93
101 95 96 97 98 99 100
108 102 103 104 105 106 107
109 57 62 70 78 86 94 101 108
118 110 111 112 113 114 115 116 117
128 119 120 121 122 123 124 125 126 127
138 129 130 131 132 133 134 135 136 137
149 139 140 141 142 143 144 145 146 147 148
159 150 151 152 153 154 155 156 157 158
160 118 128 138 149 159
168 3 161 162 163 164 165 166 167
178 169 170 171 172 173 174 175 176 177
188 179 180 181 182 183 184 185 186 187
197 189 190 191 192 193 194 195 196
207 198 199 200 201 202 203 204 205 206
216 208 209 210 211 212 213 214 215
226 217 218 219 220 221 222 223 224 225
227 168 178 188 197 207 216 226
230 4 228 229
234 115 231 232 233
239 235 236 237 238
245 240 241 242 243 244
254 246 247 248 249 250 251 252 253
262 255 256 257 258 259 260 261
263 230 234 239 245 254 262
267 5 165 264 265 266
272 116 175 268 269 270 271
277 273 274 275 276
283 278 279 280 281 282
290 284 285 286 287 288 289
299 291 292 293 294 295 296 297 298
307 300 301 302 303 304 305 306
314 46 105 308 309 310 311 312 313
315 267 272 277 283 290 299 307 314
316 50 109 160 227 263 315
325 317 318 319 320 321 322 323 324
334 326 327 328 329 330 331 332 333
343 335 336 337 338 339 340 341 342
352 344 345 346 347 348 349 350 351
360 353 354 355 356 357 358 359
361 325 334 343 352 360
368 362 363 364 365 366 367
378 369 370 371 372 373 374 375 376 377
386 379 380 381 382 383 384 385
393 387 388 389 390 391 392
402 394 395 396 397 398 399 400 401
409 403 404 405 406 407 408
410 368 378 386 393 402 409
419 411 412 413 414 415 416 417 418
426 420 421 422 423 424 425
434 427 428 429 430 431 432 433
443 435 436 437 438 439 440 441 442
451 444 445 446 447 448 449 450
452 419 426 434 443 451
457 365 453 454 455 456
467 458 459 460 461 462 463 464 465 466
476 468 469 470 471 472 473 474 475
485 477 478 479 480 481 482 483 484
492 389 486 487 488 489 490 491
499 346 437 493 494 495 496 497 498
507 500 501 502 503 504 505 506
508 457 467 476 485 492 499 507
514 509 510 511 512 513
520 515 516 517 518 519
527 521 522 523 524 525 526
533 528 529 530 531 532
543 534 535 536 537 538 539 540 541 542
548 544 545 546 547
555 549 550 551 552 553 554
556 514 520 527 533 543 548 555
561 557 558 559 560
567 562 563 564 565 566
575 539 568 569 570 571 572 573 574
579 576 577 578
583 357 448 580 581 582
584 277 561 567 575 579 583
590 585 586 587 588 589
595 392 490 591 592 593 594
602 596 597 598 599 600 601
603 590 595 602
604 361 410 452 508 556 584 603
611 605 606 607 608 609 610
618 612 613 614 615 616 617
627 619 620 621 622 623 624 625 626
638 628 629 630 631 632 633 634 635 636 637
644 639 640 641 642 643
651 645 646 647 648 649 650
658 652 653 654 655 656 657
659 611 618 627 638 644 651 658
663 660 661 662
669 123 664 665 666 667 668
678 670 671 672 673 674 675 676 677
687 679 680 681 682 683 684 685 686
693 688 689 690 691 692
699 694 695 696 697 698
705 700 701 702 703 704
711 706 707 708 709 710
712 663 669 678 687 693 699 705 711
717 661 713 714 715 716
725 718 719 720 721 722 723 724
734 726 727 728 729 730 731 732 733
740 641 735 736 737 738 739
746 741 742 743 744 745
754 747 748 749 750 751 752 753
755 717 725 734 740 746 754
763 126 756 757 758 759 760 761 762
769 332 384 482 764 765 766 767 768
776 770 771 772 773 774 775
783 777 778 779 780 781 782
792 784 785 786 787 788 789 790 791
800 707 793 794 795 796 797 798 799
801 763 769 776 783 792 800
807 802 803 804 805 806
815 808 809 810 811 812 813 814
824 816 817 818 819 820 821 822 823
831 643 825 826 827 828 829 830
836 744 832 833 834 835
843 703 837 838 839 840 841 842
844 807 815 824 831 836 843
845 659 712 755 801 844
853 846 847 848 849 850 851 852
860 854 855 856 857 858 859
870 861 862 863 864 865 866 867 868 869
877 871 872 873 874 875 876
884 878 879 880 881 882 883
891 885 886 887 888 889 890
898 892 893 894 895 896 897
899 853 860 870 877 884 891 898
903 900 901 902
908 31 88 904 905 906 907
917 865 909 910 911 912 913 914 915 916
925 429 525 918 919 920 921 922 923 924
931 926 927 928 929 930
938 932 933 934 935 936 937
944 939 940 941 942 943
950 945 946 947 948 949
951 903 908 917 925 931 938 944 950
957 902 952 953 954 955 956
965 958 959 960 961 962 963 964
973 966 967 968 969 970 971 972
980 873 974 975 976 977 978 979
987 981 982 983 984 985 986
996 988 989 990 991 992 993 994 995
1004 997 998 999 1000 1001 1002 1003
1005 957 965 973 980 987 996 1004
1014 1006 1007 1008 1009 1010 1011 1012 1013
1020 340 526 566 923 1015 1016 1017 1018 1019
1029 1021 1022 1023 1024 1025 1026 1027 1028
1037 990 1030 1031 1032 1033 1034 1035 1036
1046 1038 1039 1040 1041 1042 1043 1044 1045
1047 783 1014 1020 1029 1037 1046
1050 956 1048 1049
1055 34 92 1051 1052 1053 1054
1065 1056 1057 1058 1059 1060 1061 1062 1063 1064
1074 1066 1067 1068 1069 1070 1071 1072 1073
1079 929 1075 1076 1077 1078
1086 1080 1081 1082 1083 1084 1085
1092 1087 1088 1089 1090 1091
1099 1093 1094 1095 1096 1097 1098
1100 1050 1055 1065 1074 1079 1086 1092 1099
1107 1101 1102 1103 1104 1105 1106
1115 1108 1109 1110 1111 1112 1113 1114
1122 916 1116 1117 1118 1119 1120 1121
1130 876 1123 1124 1125 1126 1127 1128 1129
1136 985 1131 1132 1133 1134 1135
1144 942 1137 1138 1139 1140 1141 1142 1143
1152 1145 1146 1147 1148 1149 1150 1151
1153 1107 1115 1122 1130 1136 1144 1152
1154 899 951 1005 1047 1100 1153
1162 1155 1156 1157 1158 1159 1160 1161
1170 1163 1164 1165 1166 1167 1168 1169
1179 1171 1172 1173 1174 1175 1176 1177 1178
1188 1180 1181 1182 1183 1184 1185 1186 1187
1195 1189 1190 1191 1192 1193 1194
1202 1196 1197 1198 1199 1200 1201
1203 1162 1170 1179 1188 1195 1202
1211 1204 1205 1206 1207 1208 1209 1210
1219 1166 1212 1213 1214 1215 1216 1217 1218
1228 1220 1221 1222 1223 1224 1225 1226 1227
1236 1229 1230 1231 1232 1233 1234 1235
1243 694 1237 1238 1239 1240 1241 1242
1250 1244 1245 1246 1247 1248 1249
1251 1211 1219 1228 1236 1243 1250
1258 1252 1253 1254 1255 1256 1257
1268 1259 1260 1261 1262 1263 1264 1265 1266 1267
1273 1269 1270 1271 1272
1277 348 439 494 1274 1275 1276
1283 1278 1279 1280 1281 1282
1289 1284 1285 1286 1287 1288
1295 1290 1291 1292 1293 1294
1296 1258 1268 1273 1277 1283 1289 1295
1304 1297 1298 1299 1300 1301 1302 1303
1312 1305 1306 1307 1308 1309 1310 1311
1319 1233 1313 1314 1315 1316 1317 1318
1326 1286 1320 1321 1322 1323 1324 1325
1332 1327 1328 1329 1330 1331
1333 1304 1312 1319 1326 1332
1339 1334 1335 1336 1337 1338
1344 40 99 156 223 1266 1340 1341 1342 1343
1350 350 399 441 496 1275 1345 1346 1347 1348 1349
1359 1351 1352 1353 1354 1355 1356 1357 1358
1368 1360 1361 1362 1363 1364 1365 1366 1367
1375 1369 1370 1371 1372 1373 1374
1384 1376 1377 1378 1379 1380 1381 1382 1383
1393 1385 1386 1387 1388 1389 1390 1391 1392
1394 1339 1344 1350 1359 1368 1375 1384 1393
1400 1267 1343 1395 1396 1397 1398 1399
1405 1401 1402 1403 1404
1408 351 442 498 1276 1349 1406 1407
1412 1358 1409 1410 1411
1417 1367 1413 1414 1415 1416
1424 1418 1419 1420 1421 1422 1423
1425 1400 1405 1408 1412 1417 1424
1426 1203 1251 1296 1333 1394 1425
1433 1427 1428 1429 1430 1431 1432
1442 1434 1435 1436 1437 1438 1439 1440 1441
1450 1443 1444 1445 1446 1447 1448 1449
1456 1451 1452 1453 1454 1455
1462 794 1457 1458 1459 1460 1461
1463 1433 1442 1450 1456 1462
1470 1430 1464 1465 1466 1467 1468 1469
1478 1471 1472 1473 1474 1475 1476 1477
1485 1479 1480 1481 1482 1483 1484
1490 706 795 1486 1487 1488 1489
1496 1491 1492 1493 1494 1495
1497 1470 1478 1485 1490 1496
1501 1498 1499 1500
1507 1502 1503 1504 1505 1506
1512 1508 1509 1510 1511
1517 1513 1514 1515 1516
1518 314 583 1501 1507 1512 1517
1525 1519 1520 1521 1522 1523 1524
1531 1483 1526 1527 1528 1529 1530
1537 1510 1532 1533 1534 1535 1536
1542 1538 1539 1540 1541
1543 1525 1531 1537 1542
1549 48 107 313 1544 1545 1546 1547 1548
1555 359 450 554 582 1550 1551 1552 1553 1554
1563 798 1556 1557 1558 1559 1560 1561 1562
1573 1564 1565 1566 1567 1568 1569 1570 1571 1572
1582 1574 1575 1576 1577 1578 1579 1580 1581
1590 1583 1584 1585 1586 1587 1588 1589
1591 1375 1549 1555 1563 1573 1582 1590
1592 1463 1497 1518 1543 1591
1593 316 604 845 1154 1426 1592
1599 1594 1595 1596 1597 1598
1609 1600 1601 1602 1603 1604 1605 1606 1607 1608
1618 1610 1611 1612 1613 1614 1615 1616 1617
1627 1619 1620 1621 1622 1623 1624 1625 1626
1633 1628 1629 1630 1631 1632
1638 1634 1635 1636 1637
1643 1639 1640 1641 1642
1650 43 1644 1645 1646 1647 1648 1649
1651 1599 1609 1618 1627 1633 1638 1643 1650
1656 1594 1652 1653 1654 1655
1665 1657 1658 1659 1660 1661 1662 1663 1664
1675 1666 1667 1668 1669 1670 1671 1672 1673 1674
1684 1676 1677 1678 1679 1680 1681 1682 1683
1690 1685 1686 1687 1688 1689
1695 1691 1692 1693 1694
1700 1696 1697 1698 1699
1708 1701 1702 1703 1704 1705 1706 1707
1709 1656 1665 1675 1684 1690 1695 1700 1708
1718 110 1710 1711 1712 1713 1714 1715 1716 1717
1725 364 1666 1719 1720 1721 1722 1723 1724
1731 125 127 617 1726 1727 1728 1729 1730
1737 131 134 135 137 1732 1733 1734 1735 1736
1744 856 859 1738 1739 1740 1741 1742 1743
1752 155 157 1262 1397 1745 1746 1747 1748 1749 1750 1751
1759 43 102 309 1701 1753 1754 1755 1756 1757 1758
1760 1718 1725 1731 1737 1744 1752 1759
1770 1761 1762 1763 1764 1765 1766 1767 1768 1769
1780 1771 1772 1773 1774 1775 1776 1777 1778 1779
1791 134 1781 1782 1783 1784 1785 1786 1787 1788 1789 1790
1804 1792 1793 1794 1795 1796 1797 1798 1799 1800 1801 1802 1803
1812 211 1805 1806 1807 1808 1809 1810 1811
1821 1813 1814 1815 1816 1817 1818 1819 1820
1822 1770 1780 1791 1804 1812 1821
1827 1624 1823 1824 1825 1826
1835 1828 1829 1830 1831 1832 1833 1834
1841 135 1836 1837 1838 1839 1840
1849 146 1842 1843 1844 1845 1846 1847 1848
1856 1850 1851 1852 1853 1854 1855
1864 1857 1858 1859 1860 1861 1862 1863
1865 1827 1835 1841 1849 1856 1864
1872 1607 1866 1867 1868 1869 1870 1871
1877 1673 1723 1873 1874 1875 1876
1884 1625 1878 1879 1880 1881 1882 1883
1892 1885 1886 1887 1888 1889 1890 1891
1898 1736 1788 1893 1894 1895 1896 1897
1904 1899 1900 1901 1902 1903
1911 1905 1906 1907 1908 1909 1910
1919 1912 1913 1914 1915 1916 1917 1918
1926 309 1646 1704 1920 1921 1922 1923 1924 1925
1927 1872 1877 1884 1892 1898 1904 1911 1919 1926
1928 1651 1709 1760 1822 1865 1927
1935 1929 1930 1931 1932 1933 1934
1940 1936 1937 1938 1939
1950 1941 1942 1943 1944 1945 1946 1947 1948 1949
1956 1951 1952 1953 1954 1955
1962 1957 1958 1959 1960 1961
1969 1963 1964 1965 1966 1967 1968
1976 1970 1971 1972 1973 1974 1975
1977 1935 1940 1950 1956 1962 1969 1976
1987 1978 1979 1980 1981 1982 1983 1984 1985 1986
1997 1988 1989 1990 1991 1992 1993 1994 1995 1996
2007 1998 1999 2000 2001 2002 2003 2004 2005 2006
2008 1987 1997 2007
2013 1932 2009 2010 2011 2012
2021 2014 2015 2016 2017 2018 2019 2020
2027 1994 2022 2023 2024 2025 2026
2033 2028 2029 2030 2031 2032
2039 2034 2035 2036 2037 2038
2047 2040 2041 2042 2043 2044 2045 2046
2048 2013 2021 2027 2033 2039 2047
2056 617 2049 2050 2051 2052 2053 2054 2055
2065 636 2057 2058 2059 2060 2061 2062 2063 2064
2073 2066 2067 2068 2069 2070 2071 2072
2074 2056 2065 2073
2079 1934 2075 2076 2077 2078
2087 2080 2081 2082 2083 2084 2085 2086
2093 1996 2088 2089 2090 2091 2092
2100 2094 2095 2096 2097 2098 2099
2105 2037 2101 2102 2103 2104
2112 1973 2106 2107 2108 2109 2110 2111
2113 2079 2087 2093 2100 2105 2112
2114 1977 2008 2048 2074 2113
2121 2115 2116 2117 2118 2119 2120
2129 2122 2123 2124 2125 2126 2127 2128
2137 2130 2131 2132 2133 2134 2135 2136
2144 2138 2139 2140 2141 2142 2143
2145 2121 2129 2137 2144
2153 2146 2147 2148 2149 2150 2151 2152
2161 2154 2155 2156 2157 2158 2159 2160
2169 2162 2163 2164 2165 2166 2167 2168
2176 2140 2170 2171 2172 2173 2174 2175
2182 2177 2178 2179 2180 2181
2183 2153 2161 2169 2176 2182
2192 2184 2185 2186 2187 2188 2189 2190 2191
2198 1641 1698 1751 1819 2193 2194 2195 2196 2197
2207 2199 2200 2201 2202 2203 2204 2205 2206
2214 2208 2209 2210 2211 2212 2213
2221 2215 2216 2217 2218 2219 2220
2222 2192 2198 2207 2214 2221
2228 2160 2223 2224 2225 2226 2227
2238 2229 2230 2231 2232 2233 2234 2235 2236 2237
2244 1967 2239 2240 2241 2242 2243
2251 2245 2246 2247 2248 2249 2250
2252 2228 2238 2244 2251
2258 2120 2253 2254 2255 2256 2257
2265 1397 2197 2259 2260 2261 2262 2263 2264
2273 2266 2267 2268 2269 2270 2271 2272
2279 2206 2274 2275 2276 2277 2278
2285 2280 2281 2282 2283 2284
2286 2258 2265 2273 2279 2285
2287 2145 2183 2222 2252 2286
2288 1928 2114 2287
2295 2289 2290 2291 2292 2293 2294
2300 182 184 185 2296 2297 2298 2299
2309 2301 2302 2303 2304 2305 2306 2307 2308
2318 2310 2311 2312 2313 2314 2315 2316 2317
2327 2319 2320 2321 2322 2323 2324 2325 2326
2328 1188 2295 2300 2309 2318 2327
2335 2329 2330 2331 2332 2333 2334
2343 2302 2336 2337 2338 2339 2340 2341 2342
2351 2344 2345 2346 2347 2348 2349 2350
2359 2352 2353 2354 2355 2356 2357 2358
2367 2360 2361 2362 2363 2364 2365 2366
2368 2335 2343 2351 2359 2367
2377 2369 2370 2371 2372 2373 2374 2375 2376
2385 2378 2379 2380 2381 2382 2383 2384
2392 2303 2338 2386 2387 2388 2389 2390 2391
2401 2393 2394 2395 2396 2397 2398 2399 2400
2409 2402 2403 2404 2405 2406 2407 2408
2419 2410 2411 2412 2413 2414 2415 2416 2417 2418
2420 2377 2385 2392 2401 2409 2419
2430 2421 2422 2423 2424 2425 2426 2427 2428 2429
2438 2431 2432 2433 2434 2435 2436 2437
2448 2439 2440 2441 2442 2443 2444 2445 2446 2447
2449 2430 2438 2448
2458 2450 2451 2452 2453 2454 2455 2456 2457
2463 2355 2405 2459 2460 2461 2462
2471 2464 2465 2466 2467 2468 2469 2470
2480 2472 2473 2474 2475 2476 2477 2478 2479
2487 2481 2482 2483 2484 2485 2486
2495 2488 2489 2490 2491 2492 2493 2494
2496 2458 2463 2471 2480 2487 2495
2504 2497 2498 2499 2500 2501 2502 2503
2512 2505 2506 2507 2508 2509 2510 2511
2520 2513 2514 2515 2516 2517 2518 2519
2527 2521 2522 2523 2524 2525 2526
2534 2492 2528 2529 2530 2531 2532 2533
2535 2504 2512 2520 2527 2534
2543 2536 2537 2538 2539 2540 2541 2542
2549 2358 2408 2544 2545 2546 2547 2548
2557 2550 2551 2552 2553 2554 2555 2556
2564 2493 2532 2558 2559 2560 2561 2562 2563
2571 2565 2566 2567 2568 2569 2570
2572 2543 2549 2557 2564 2571
2573 2328 2368 2420 2449 2496 2535 2572
2583 2574 2575 2576 2577 2578 2579 2580 2581 2582
2589 2584 2585 2586 2587 2588
2597 2590 2591 2592 2593 2594 2595 2596
2604 2344 2346 2423 2598 2599 2600 2601 2602 2603
2614 2605 2606 2607 2608 2609 2610 2611 2612 2613
2623 2615 2616 2617 2618 2619 2620 2621 2622
2633 2624 2625 2626 2627 2628 2629 2630 2631 2632
2641 2634 2635 2636 2637 2638 2639 2640
2649 2642 2643 2644 2645 2646 2647 2648
2650 2583 2589 2597 2604 2614 2623 2633 2641 2649
2659 2651 2652 2653 2654 2655 2656 2657 2658
2668 1773 2660 2661 2662 2663 2664 2665 2666 2667
2676 2424 2669 2670 2671 2672 2673 2674 2675
2687 2677 2678 2679 2680 2681 2682 2683 2684 2685 2686
2696 2688 2689 2690 2691 2692 2693 2694 2695
2697 2659 2668 2676 2687 2696
2707 2698 2699 2700 2701 2702 2703 2704 2705 2706
2715 2708 2709 2710 2711 2712 2713 2714
2721 2425 2599 2716 2717 2718 2719 2720
2726 2722 2723 2724 2725
2734 2727 2728 2729 2730 2731 2732 2733
2742 2634 2735 2736 2737 2738 2739 2740 2741
2751 2642 2743 2744 2745 2746 2747 2748 2749 2750
2752 2707 2715 2721 2726 2734 2742 2751
2759 2346 2426 2718 2753 2754 2755 2756 2757 2758
2768 2731 2760 2761 2762 2763 2764 2765 2766 2767
2778 2769 2770 2771 2772 2773 2774 2775 2776 2777
2786 2779 2780 2781 2782 2783 2784 2785
2798 2787 2788 2789 2790 2791 2792 2793 2794 2795 2796 2797
2805 2799 2800 2801 2802 2803 2804
2806 2759 2768 2778 2786 2798 2805
2813 2725 2807 2808 2809 2810 2811 2812
2821 2732 2765 2814 2815 2816 2817 2818 2819 2820
2829 2822 2823 2824 2825 2826 2827 2828
2837 2830 2831 2832 2833 2834 2835 2836
2845 2838 2839 2840 2841 2842 2843 2844
2854 2846 2847 2848 2849 2850 2851 2852 2853
2855 2813 2821 2829 2837 2845 2854
2860 2622 2856 2857 2858 2859
2866 2733 2767 2861 2862 2863 2864 2865
2874 2631 2867 2868 2869 2870 2871 2872 2873
2881 2834 2875 2876 2877 2878 2879 2880
2888 2646 2747 2882 2883 2884 2885 2886 2887
2895 2889 2890 2891 2892 2893 2894
2896 2860 2866 2874 2881 2888 2895
2902 2897 2898 2899 2900 2901
2910 2903 2904 2905 2906 2907 2908 2909
2918 2911 2912 2913 2914 2915 2916 2917
2923 2835 2880 2919 2920 2921 2922
2929 2842 2924 2925 2926 2927 2928
2938 2930 2931 2932 2933 2934 2935 2936 2937
2939 2902 2910 2918 2923 2929 2938
2940 2650 2697 2752 2806 2855 2896 2939
2944 211 212 213 2941 2942 2943
2952 2945 2946 2947 2948 2949 2950 2951
2960 2953 2954 2955 2956 2957 2958 2959
2968 2961 2962 2963 2964 2965 2966 2967
2976 2969 2970 2971 2972 2973 2974 2975
2977 2944 2952 2960 2968 2976
2984 2978 2979 2980 2981 2982 2983
2992 2946 2985 2986 2987 2988 2989 2990 2991
2999 2761 2993 2994 2995 2996 2997 2998
3007 3000 3001 3002 3003 3004 3005 3006
3015 3008 3009 3010 3011 3012 3013 3014
3016 2984 2992 2999 3007 3015
3025 3017 3018 3019 3020 3021 3022 3023 3024
3030 1808 1809 3026 3027 3028 3029
3036 2947 2987 3031 3032 3033 3034 3035
3044 3037 3038 3039 3040 3041 3042 3043
3051 3045 3046 3047 3048 3049 3050
3060 3052 3053 3054 3055 3056 3057 3058 3059
3061 3025 3030 3036 3044 3051 3060
3066 2730 2764 2819 2865 2908 3062 3063 3064 3065
3076 3067 3068 3069 3070 3071 3072 3073 3074 3075
3077 2438 3066 3076
3085 2815 2816 3078 3079 3080 3081 3082 3083 3084
3091 3002 3046 3086 3087 3088 3089 3090
3100 3092 3093 3094 3095 3096 3097 3098 3099
3109 3101 3102 3103 3104 3105 3106 3107 3108
3117 3110 3111 3112 3113 3114 3115 3116
3126 3118 3119 3120 3121 3122 3123 3124 3125
3127 3085 3091 3100 3109 3117 3126
3136 3128 3129 3130 3131 3132 3133 3134 3135
3145 3137 3138 3139 3140 3141 3142 3143 3144
3154 3146 3147 3148 3149 3150 3151 3152 3153
3162 3155 3156 3157 3158 3159 3160 3161
3170 3123 3163 3164 3165 3166 3167 3168 3169
3177 3171 3172 3173 3174 3175 3176
3178 3136 3145 3154 3162 3170 3177
3184 2862 2863 3179 3180 3181 3182 3183
3190 3006 3050 3185 3186 3187 3188 3189
3198 3191 3192 3193 3194 3195 3196 3197
3205 3124 3168 3199 3200 3201 3202 3203 3204
3212 3206 3207 3208 3209 3210 3211
3213 3184 3190 3198 3205 3212
3214 2977 3016 3061 3077 3127 3178 3213
3221 3215 3216 3217 3218 3219 3220
3229 3222 3223 3224 3225 3226 3227 3228
3238 3230 3231 3232 3233 3234 3235 3236 3237
3243 2364 2366 2441 3239 3240 3241 3242
3252 3244 3245 3246 3247 3248 3249 3250 3251
3258 3253 3254 3255 3256 3257
3259 3221 3229 3238 3243 3252 3258
3268 3260 3261 3262 3263 3264 3265 3266 3267
3274 3223 3269 3270 3271 3272 3273
3281 3275 3276 3277 3278 3279 3280
3288 2442 3282 3283 3284 3285 3286 3287
3296 3289 3290 3291 3292 3293 3294 3295
3302 3297 3298 3299 3300 3301
3303 3268 3274 3281 3288 3296 3302
3311 3304 3305 3306 3307 3308 3309 3310
3317 3224 3269 3312 3313 3314 3315 3316
3322 1817 1820 3277 3318 3319 3320 3321
3331 3323 3324 3325 3326 3327 3328 3329 3330
3338 2416 2418 2443 3332 3333 3334 3335 3336 3337
3346 3339 3340 3341 3342 3343 3344 3345
3347 3311 3317 3322 3331 3338 3346
3354 3348 3349 3350 3351 3352 3353
3360 2444 2555 3239 3333 3355 3356 3357 3358 3359
3370 3361 3362 3363 3364 3365 3366 3367 3368 3369
3382 3371 3372 3373 3374 3375 3376 3377 3378 3379 3380 3381
3390 3070 3196 3383 3384 3385 3386 3387 3388 3389
3391 2786 3354 3360 3370 3382 3390
3398 3234 3392 3393 3394 3395 3396 3397
3407 3249 3399 3400 3401 3402 3403 3404 3405 3406
3413 2637 2739 3408 3409 3410 3411 3412
3421 3255 3414 3415 3416 3417 3418 3419 3420
3428 3073 3196 3197 3422 3423 3424 3425 3426 3427
3438 3429 3430 3431 3432 3433 3434 3435 3436 3437
3446 3439 3440 3441 3442 3443 3444 3445
3456 3447 3448 3449 3450 3451 3452 3453 3454 3455
3462 3457 3458 3459 3460 3461
3463 3398 3407 3413 3421 3428 3438 3446 3456 3462
3470 2693 2740 3464 3465 3466 3467 3468 3469
3478 3074 3471 3472 3473 3474 3475 3476 3477
3489 3479 3480 3481 3482 3483 3484 3485 3486 3487 3488
3499 3490 3491 3492 3493 3494 3495 3496 3497 3498
3508 3500 3501 3502 3503 3504 3505 3506 3507
3509 3470 3478 3489 3499 3508
3517 3236 3397 3510 3511 3512 3513 3514 3515 3516
3521 2447 3242 3337 3358 3518 3519 3520
3525 2004 2639 2694 2741 3412 3522 3523 3524
3529 3344 3526 3527 3528
3534 3075 3388 3427 3530 3531 3532 3533
3542 3535 3536 3537 3538 3539 3540 3541
3552 3543 3544 3545 3546 3547 3548 3549 3550 3551
3553 3517 3521 3525 3529 3534 3542 3552
3554 3259 3303 3347 3391 3463 3509 3553
3555 2573 2940 3214 3554
3560 728 730 3556 3557 3558 3559
3567 3561 3562 3563 3564 3565 3566
3574 741 3568 3569 3570 3571 3572 3573
3581 748 3575 3576 3577 3578 3579 3580
3582 3560 3567 3574 3581
3588 3583 3584 3585 3586 3587
3595 3557 3589 3590 3591 3592 3593 3594
3603 3596 3597 3598 3599 3600 3601 3602
3611 3604 3605 3606 3607 3608 3609 3610
3619 3612 3613 3614 3615 3616 3617 3618
3620 3588 3595 3603 3611 3619
3627 3621 3622 3623 3624 3625 3626
3634 3628 3629 3630 3631 3632 3633
3643 3635 3636 3637 3638 3639 3640 3641 3642
3652 3644 3645 3646 3647 3648 3649 3650 3651
3662 3653 3654 3655 3656 3657 3658 3659 3660 3661
3663 3627 3634 3643 3652 3662
3670 3664 3665 3666 3667 3668 3669
3677 3671 3672 3673 3674 3675 3676
3683 3605 3678 3679 3680 3681 3682
3693 3684 3685 3686 3687 3688 3689 3690 3691 3692
3694 3670 3677 3683 3693
3700 3695 3696 3697 3698 3699
3706 3636 3701 3702 3703 3704 3705
3712 3562 3707 3708 3709 3710 3711
3720 3654 3713 3714 3715 3716 3717 3718 3719
3728 3721 3722 3723 3724 3725 3726 3727
3729 3700 3706 3712 3720 3728
3730 3582 3620 3663 3694 3729
3736 3731 3732 3733 3734 3735
3744 3737 3738 3739 3740 3741 3742 3743
3751 3745 3746 3747 3748 3749 3750
3758 3752 3753 3754 3755 3756 3757
3764 3759 3760 3761 3762 3763
3772 3765 3766 3767 3768 3769 3770 3771
3773 3736 3744 3751 3758 3764 3772
3778 3732 3774 3775 3776 3777
3786 3779 3780 3781 3782 3783 3784 3785
3792 3787 3788 3789 3790 3791
3799 3793 3794 3795 3796 3797 3798
3805 3800 3801 3802 3803 3804
3813 3806 3807 3808 3809 3810 3811 3812
3814 3778 3786 3792 3799 3805 3813
3822 3815 3816 3817 3818 3819 3820 3821
3832 3823 3824 3825 3826 3827 3828 3829 3830 3831
3841 3833 3834 3835 3836 3837 3838 3839 3840
3842 3822 3832 3841
3852 3843 3844 3845 3846 3847 3848 3849 3850 3851
3860 3752 3793 3853 3854 3855 3856 3857 3858 3859
3869 3481 3861 3862 3863 3864 3865 3866 3867 3868
3870 3852 3860 3869
3876 3742 3871 3872 3873 3874 3875
3882 3676 3877 3878 3879 3880 3881
3888 3883 3884 3885 3886 3887
3893 3760 3801 3889 3890 3891 3892
3898 3894 3895 3896 3897
3908 3899 3900 3901 3902 3903 3904 3905 3906 3907
3914 3909 3910 3911 3912 3913
3915 3876 3882 3888 3893 3898 3908 3914
3916 3773 3814 3842 3870 3915
3923 3917 3918 3919 3920 3921 3922
3931 3924 3925 3926 3927 3928 3929 3930
3935 994 3498 3932 3933 3934
3943 3936 3937 3938 3939 3940 3941 3942
3951 3944 3945 3946 3947 3948 3949 3950
3959 3952 3953 3954 3955 3956 3957 3958
3966 3960 3961 3962 3963 3964 3965
3967 262 543 3923 3931 3935 3943 3951 3959 3966
3974 3968 3969 3970 3971 3972 3973
3981 3975 3976 3977 3978 3979 3980
3989 3496 3982 3983 3984 3985 3986 3987 3988
3995 3990 3991 3992 3993 3994
4003 3996 3997 3998 3999 4000 4001 4002
4004 1864 3974 3981 3989 3995 4003
4010 2482 2483 2524 4005 4006 4007 4008 4009
4016 2839 2841 3657 4011 4012 4013 4014 4015
4027 3925 4017 4018 4019 4020 4021 4022 4023 4024 4025 4026
4038 3436 3494 4028 4029 4030 4031 4032 4033 4034 4035 4036 4037
4048 4039 4040 4041 4042 4043 4044 4045 4046 4047
4057 3494 4049 4050 4051 4052 4053 4054 4055 4056
4058 4010 4016 4027 4038 4048 4057
4068 539 4059 4060 4061 4062 4063 4064 4065 4066 4067
4078 3659 3717 4069 4070 4071 4072 4073 4074 4075 4076 4077
4085 3928 3978 4023 4079 4080 4081 4082 4083 4084
4093 3492 4086 4087 4088 4089 4090 4091 4092
4101 3837 4094 4095 4096 4097 4098 4099 4100
4111 4102 4103 4104 4105 4106 4107 4108 4109 4110
4119 3962 4112 4113 4114 4115 4116 4117 4118
4120 4068 4078 4085 4093 4101 4111 4119
4126 540 4065 4121 4122 4123 4124 4125
4130 3660 4127 4128 4129
4135 4131 4132 4133 4134
4142 3941 3993 4136 4137 4138 4139 4140 4141
4148 4143 4144 4145 4146 4147
4157 3957 4149 4150 4151 4152 4153 4154 4155 4156
4166 4158 4159 4160 4161 4162 4163 4164 4165
4172 4167 4168 4169 4170 4171
4173 4126 4130 4135 4142 4148 4157 4166 4172
4179 542 4067 4174 4175 4176 4177 4178
4183 3661 4180 4181 4182
4188 4184 4185 4186 4187
4197 4189 4190 4191 4192 4193 4194 4195 4196
4203 4198 4199 4200 4201 4202
4212 4204 4205 4206 4207 4208 4209 4210 4211
4219 2924 3965 4118 4213 4214 4215 4216 4217 4218
4224 4171 4220 4221 4222 4223
4225 4179 4183 4188 4197 4203 4212 4219 4224
4226 3967 4004 4058 4120 4173 4225
4227 3730 3916 4226
4232 4228 4229 4230 4231
4238 558 4233 4234 4235 4236 4237
4245 4239 4240 4241 4242 4243 4244
4252 4246 4247 4248 4249 4250 4251
4253 4232 4238 4245 4252
4261 4254 4255 4256 4257 4258 4259 4260
4270 4262 4263 4264 4265 4266 4267 4268 4269
4277 4271 4272 4273 4274 4275 4276
4287 4278 4279 4280 4281 4282 4283 4284 4285 4286
4296 4288 4289 4290 4291 4292 4293 4294 4295
4304 568 4297 4298 4299 4300 4301 4302 4303
4313 357 4305 4306 4307 4308 4309 4310 4311 4312
4314 4261 4270 4277 4287 4296 4304 4313
4320 4315 4316 4317 4318 4319
4325 391 4240 4321 4322 4323 4324
4332 4326 4327 4328 4329 4330 4331
4340 4333 4334 4335 4336 4337 4338 4339
4348 4341 4342 4343 4344 4345 4346 4347
4349 4320 4325 4332 4340 4348
4357 4350 4351 4352 4353 4354 4355 4356
4363 4358 4359 4360 4361 4362
4370 4364 4365 4366 4367 4368 4369
4376 4336 4371 4372 4373 4374 4375
4385 4377 4378 4379 4380 4381 4382 4383 4384
4386 4357 4363 4370 4376 4385
4387 584 4253 4314 4349 4386
4393 4388 4389 4390 4391 4392
4399 4394 4395 4396 4397 4398
4408 4069 4400 4401 4402 4403 4404 4405 4406 4407
4413 4409 4410 4411 4412
4419 708 4414 4415 4416 4417 4418
4426 4420 4421 4422 4423 4424 4425
4427 283 4393 4399 4408 4413 4419 4426
4433 4428 4429 4430 4431 4432
4440 4389 4434 4435 4436 4437 4438 4439
4448 4441 4442 4443 4444 4445 4446 4447
4456 4449 4450 4451 4452 4453 4454 4455
4464 4457 4458 4459 4460 4461 4462 4463
4465 4433 4440 4448 4456 4464
4474 4466 4467 4468 4469 4470 4471 4472 4473
4483 4475 4476 4477 4478 4479 4480 4481 4482
4492 4484 4485 4486 4487 4488 4489 4490 4491
4501 4493 4494 4495 4496 4497 4498 4499 4500
4510 4400 4502 4503 4504 4505 4506 4507 4508 4509
4520 4414 4511 4512 4513 4514 4515 4516 4517 4518 4519
4526 4521 4522 4523 4524 4525
4527 4277 4474 4483 4492 4501 4510 4520 4526
4534 4528 4529 4530 4531 4532 4533
4539 4485 4535 4536 4537 4538
4543 4494 4540 4541 4542
4548 3717 4401 4502 4544 4545 4546 4547
4553 4549 4550 4551 4552
4559 4415 4512 4554 4555 4556 4557 4558
4560 4534 4539 4543 4548 4553 4559
4567 4561 4562 4563 4564 4565 4566
4574 4443 4568 4569 4570 4571 4572 4573
4582 4575 4576 4577 4578 4579 4580 4581
4591 4583 4584 4585 4586 4587 4588 4589 4590
4600 4592 4593 4594 4595 4596 4597 4598 4599
4608 4601 4602 4603 4604 4605 4606 4607
4609 4567 4574 4582 4591 4600 4608
4616 4610 4611 4612 4613 4614 4615
4623 4617 4618 4619 4620 4621 4622
4630 4587 4624 4625 4626 4627 4628 4629
4639 4631 4632 4633 4634 4635 4636 4637 4638
4647 4640 4641 4642 4643 4644 4645 4646
4648 3136 4616 4623 4630 4639 4647
4649 4427 4465 4527 4560 4609 4648
4657 4650 4651 4652 4653 4654 4655 4656
4664 4658 4659 4660 4661 4662 4663
4673 4665 4666 4667 4668 4669 4670 4671 4672
4682 4674 4675 4676 4677 4678 4679 4680 4681
4690 4683 4684 4685 4686 4687 4688 4689
4698 4691 4692 4693 4694 4695 4696 4697
4705 4699 4700 4701 4702 4703 4704
4706 4657 4664 4673 4682 4690 4698 4705
4712 4659 4707 4708 4709 4710 4711
4720 1899 4713 4714 4715 4716 4717 4718 4719
4728 4721 4722 4723 4724 4725 4726 4727
4736 4729 4730 4731 4732 4733 4734 4735
4744 4737 4738 4739 4740 4741 4742 4743
4752 4745 4746 4747 4748 4749 4750 4751
4759 4753 4754 4755 4756 4757 4758
4760 4712 4720 4728 4736 4744 4752 4759
4768 4716 4761 4762 4763 4764 4765 4766 4767
4777 4769 4770 4771 4772 4773 4774 4775 4776
4786 4778 4779 4780 4781 4782 4783 4784 4785
4793 4787 4788 4789 4790 4791 4792
4802 4794 4795 4796 4797 4798 4799 4800 4801
4811 1502 4803 4804 4805 4806 4807 4808 4809 4810
4812 4768 4777 4786 4793 4802 4811
4818 4813 4814 4815 4816 4817
4825 4819 4820 4821 4822 4823 4824
4832 4826 4827 4828 4829 4830 4831
4838 4833 4834 4835 4836 4837
4845 4839 4840 4841 4842 4843 4844
4855 4846 4847 4848 4849 4850 4851 4852 4853 4854
4864 4856 4857 4858 4859 4860 4861 4862 4863
4867 4753 4865 4866
4868 4818 4825 4832 4838 4845 4855 4864 4867
4875 4869 4870 4871 4872 4873 4874
4882 4876 4877 4878 4879 4880 4881
4889 4883 4884 4885 4886 4887 4888
4894 4679 4733 4890 4891 4892 4893
4899 4088 4089 4895 4896 4897 4898
4909 4900 4901 4902 4903 4904 4905 4906 4907 4908
4917 4910 4911 4912 4913 4914 4915 4916
4918 4875 4882 4889 4894 4899 4909 4917
4923 4672 4919 4920 4921 4922
4929 4924 4925 4926 4927 4928
4936 4930 4931 4932 4933 4934 4935
4941 4837 4937 4938 4939 4940
4948 4942 4943 4944 4945 4946 4947
4956 4694 4905 4949 4950 4951 4952 4953 4954 4955
4965 4809 4957 4958 4959 4960 4961 4962 4963 4964
4968 4757 4966 4967
4969 4923 4929 4936 4941 4948 4956 4965 4968
4970 4706 4760 4812 4868 4918 4969
4976 4971 4972 4973 4974 4975
4984 4977 4978 4979 4980 4981 4982 4983
4992 4985 4986 4987 4988 4989 4990 4991
5001 4993 4994 4995 4996 4997 4998 4999 5000
5009 5002 5003 5004 5005 5006 5007 5008
5015 5010 5011 5012 5013 5014
5016 4976 4984 4992 5001 5009 5015
5020 2126 4972 5017 5018 5019
5027 2134 5021 5022 5023 5024 5025 5026
5034 5028 5029 5030 5031 5032 5033
5041 2141 2143 5035 5036 5037 5038 5039 5040
5049 5042 5043 5044 5045 5046 5047 5048
5055 5050 5051 5052 5053 5054
5056 5020 5027 5034 5041 5049 5055
5062 4292 4329 4367 5057 5058 5059 5060 5061
5071 5063 5064 5065 5066 5067 5068 5069 5070
5078 5072 5073 5074 5075 5076 5077
5087 5079 5080 5081 5082 5083 5084 5085 5086
5096 5088 5089 5090 5091 5092 5093 5094 5095
5097 4793 5062 5071 5078 5087 5096
5104 5098 5099 5100 5101 5102 5103
5111 5105 5106 5107 5108 5109 5110
5115 4989 5031 5112 5113 5114
5125 3827 5116 5117 5118 5119 5120 5121 5122 5123 5124
5131 3837 5126 5127 5128 5129 5130
5140 5132 5133 5134 5135 5136 5137 5138 5139
5147 5141 5142 5143 5144 5145 5146
5148 5104 5111 5115 5125 5131 5140 5147
5153 4982 5149 5150 5151 5152
5156 1274 4331 5060 5154 5155
5161 4581 5157 5158 5159 5160
5168 5162 5163 5164 5165 5166 5167
5177 5169 5170 5171 5172 5173 5174 5175 5176
5186 5178 5179 5180 5181 5182 5183 5184 5185
5192 5187 5188 5189 5190 5191
5195 5052 5193 5194
5196 5153 5156 5161 5168 5177 5186 5192 5195
5197 5016 5056 5097 5148 5196
5206 5198 5199 5200 5201 5202 5203 5204 5205
5213 5207 5208 5209 5210 5211 5212
5220 5214 5215 5216 5217 5218 5219
5227 5221 5222 5223 5224 5225 5226
5228 307 575 1295 1517 5206 5213 5220 5227
5237 5229 5230 5231 5232 5233 5234 5235 5236
5243 5238 5239 5240 5241 5242
5248 5244 5245 5246 5247
5253 5249 5250 5251 5252
5258 5254 5255 5256 5257
5259 1919 5237 5243 5248 5253 5258
5265 2522 2523 2524 5260 5261 5262 5263 5264
5274 4505 5266 5267 5268 5269 5270 5271 5272 5273
5284 5275 5276 5277 5278 5279 5280 5281 5282 5283
5291 3156 3158 3159 5285 5286 5287 5288 5289 5290
5300 5292 5293 5294 5295 5296 5297 5298 5299
5309 5215 5301 5302 5303 5304 5305 5306 5307 5308
5318 5222 5310 5311 5312 5313 5314 5315 5316 5317
5319 5265 5274 5284 5291 5300 5309 5318
5326 4070 4071 4507 5320 5321 5322 5323 5324 5325
5332 3978 4023 4079 4081 5327 5328 5329 5330 5331
5342 3985 5333 5334 5335 5336 5337 5338 5339 5340 5341
5348 4094 4095 5082 5165 5343 5344 5345 5346 5347
5354 4107 5216 5249 5349 5350 5351 5352 5353
5355 5326 5332 5342 5348 5354
5359 572 4064 4302 5356 5357 5358
5365 4508 5360 5361 5362 5363 5364
5371 4843 4946 5366 5367 5368 5369 5370
5379 5372 5373 5374 5375 5376 5377 5378
5387 5380 5381 5382 5383 5384 5385 5386
5395 5388 5389 5390 5391 5392 5393 5394
5403 5396 5397 5398 5399 5400 5401 5402
5411 5404 5405 5406 5407 5408 5409 5410
5412 5359 5365 5371 5379 5387 5395 5403 5411
5416 573 4065 4303 5413 5414 5415
5421 4509 5417 5418 5419 5420
5426 4844 4947 5422 5423 5424 5425
5433 5427 5428 5429 5430 5431 5432
5441 5434 5435 5436 5437 5438 5439 5440
5447 5224 5255 5315 5442 5443 5444 5445 5446
5454 5400 5448 5449 5450 5451 5452 5453
5455 5416 5421 5426 5433 5441 5447 5454
5456 5228 5259 5319 5355 5412 5455
5463 5457 5458 5459 5460 5461 5462
5470 5464 5465 5466 5467 5468 5469
5476 5471 5472 5473 5474 5475
5477 5463 5470 5476
5483 5478 5479 5480 5481 5482
5488 5484 5485 5486 5487
5494 4308 5489 5490 5491 5492 5493
5499 4804 4958 5495 5496 5497 5498
5505 5500 5501 5502 5503 5504
5511 5506 5507 5508 5509 5510
5512 1926 5483 5488 5494 5499 5505 5511
5520 5513 5514 5515 5516 5517 5518 5519
5527 5466 5521 5522 5523 5524 5525 5526
5533 4416 4515 4556 5528 5529 5530 5531 5532
5543 5534 5535 5536 5537 5538 5539 5540 5541 5542
5552 5544 5545 5546 5547 5548 5549 5550 5551
5560 5091 5553 5554 5555 5556 5557 5558 5559
5566 5561 5562 5563 5564 5565
5567 5520 5527 5533 5543 5552 5560 5566
5574 5568 5569 5570 5571 5572 5573
5578 1482 5467 5524 5575 5576 5577
5586 4517 5579 5580 5581 5582 5583 5584 5585
5596 5587 5588 5589 5590 5591 5592 5593 5594 5595
5603 5092 5597 5598 5599 5600 5601 5602
5608 4115 5564 5604 5605 5606 5607
5609 5574 5578 5586 5596 5603 5608
5615 581 4311 5610 5611 5612 5613 5614
5620 4417 4518 4557 5530 5616 5617 5618 5619
5627 4961 5621 5622 5623 5624 5625 5626
5636 5628 5629 5630 5631 5632 5633 5634 5635
5643 5637 5638 5639 5640 5641 5642
5644 5615 5620 5627 5636 5643
5650 582 4312 5645 5646 5647 5648 5649
5655 4418 4519 4558 5531 5651 5652 5653 5654
5663 4810 5656 5657 5658 5659 5660 5661 5662
5671 5094 5664 5665 5666 5667 5668 5669 5670
5680 5672 5673 5674 5675 5676 5677 5678 5679
5681 5650 5655 5663 5671 5680
5682 1518 5477 5512 5567 5609 5644 5681
5683 4387 4649 4970 5197 5456 5682
5684 1593 2288 3555 4227 5683
5692 5685 5686 5687 5688 5689 5690 5691
5700 5693 5694 5695 5696 5697 5698 5699
5705 5701 5702 5703 5704
5711 5706 5707 5708 5709 5710
5716 5712 5713 5714 5715
5721 5717 5718 5719 5720
5729 5722 5723 5724 5725 5726 5727 5728
5737 5730 5731 5732 5733 5734 5735 5736
5738 5692 5700 5705 5711 5716 5721 5729 5737
5744 5739 5740 5741 5742 5743
5748 671 1942 5745 5746 5747
5754 5749 5750 5751 5752 5753
5755 5744 5748 5754
5761 5756 5757 5758 5759 5760
5767 1944 5762 5763 5764 5765 5766
5774 5768 5769 5770 5771 5772 5773
5781 5775 5776 5777 5778 5779 5780
5789 5722 5782 5783 5784 5785 5786 5787 5788
5797 5730 5790 5791 5792 5793 5794 5795 5796
5798 5761 5767 5774 5781 5789 5797
5807 5799 5800 5801 5802 5803 5804 5805 5806
5814 5808 5809 5810 5811 5812 5813
5822 5815 5816 5817 5818 5819 5820 5821
5828 5823 5824 5825 5826 5827
5836 5829 5830 5831 5832 5833 5834 5835
5845 5723 5837 5838 5839 5840 5841 5842 5843 5844
5854 5731 5846 5847 5848 5849 5850 5851 5852 5853
5855 5807 5814 5822 5828 5836 5845 5854
5862 5740 5856 5857 5858 5859 5860 5861
5870 4816 5863 5864 5865 5866 5867 5868 5869
5879 5871 5872 5873 5874 5875 5876 5877 5878
5889 5777 5880 5881 5882 5883 5884 5885 5886 5887 5888
5898 5890 5891 5892 5893 5894 5895 5896 5897
5906 5724 5784 5839 5899 5900 5901 5902 5903 5904 5905
5916 5907 5908 5909 5910 5911 5912 5913 5914 5915
5924 5917 5918 5919 5920 5921 5922 5923
5925 5862 5870 5879 5889 5898 5906 5916 5924
5932 5926 5927 5928 5929 5930 5931
5936 5876 5933 5934 5935
5941 5714 5772 5937 5938 5939 5940
5946 5778 5885 5942 5943 5944 5945
5952 5947 5948 5949 5950 5951
5961 5953 5954 5955 5956 5957 5958 5959 5960
5969 5962 5963 5964 5965 5966 5967 5968
5970 5932 5936 5941 5946 5952 5961 5969
5974 5971 5972 5973
5980 5975 5976 5977 5978 5979
5986 5720 5981 5982 5983 5984 5985
5993 5921 5987 5988 5989 5990 5991 5992
5994 5974 5980 5986 5993
6001 5995 5996 5997 5998 5999 6000
6005 5878 6002 6003 6004
6011 6006 6007 6008 6009 6010
6016 5780 5888 6012 6013 6014 6015
6023 6017 6018 6019 6020 6021 6022
6031 5958 6024 6025 6026 6027 6028 6029 6030
6036 5734 5794 5851 6032 6033 6034 6035
6037 6001 6005 6011 6016 6023 6031 6036
6038 5738 5755 5798 5855 5925 5970 5994 6037
6042 6039 6040 6041
6047 5757 5927 5996 6043 6044 6045 6046
6052 6048 6049 6050 6051
6058 6053 6054 6055 6056 6057
6062 6059 6060 6061
6068 6063 6064 6065 6066 6067
6074 6069 6070 6071 6072 6073
6075 6042 6047 6052 6058 6062 6068 6074
6086 6076 6077 6078 6079 6080 6081 6082 6083 6084 6085
6093 6087 6088 6089 6090 6091 6092
6102 6094 6095 6096 6097 6098 6099 6100 6101
6112 6103 6104 6105 6106 6107 6108 6109 6110 6111
6113 6086 6093 6102 6112
6121 6114 6115 6116 6117 6118 6119 6120
6123 6090 6122
6129 6124 6125 6126 6127 6128
6132 6099 6130 6131
6137 6133 6134 6135 6136
6145 6138 6139 6140 6141 6142 6143 6144
6146 5932 6121 6123 6129 6132 6137 6145
6154 6147 6148 6149 6150 6151 6152 6153
6156 6092 6155
6163 6157 6158 6159 6160 6161 6162
6166 6101 6164 6165
6170 6135 6167 6168 6169
6177 6071 6171 6172 6173 6174 6175 6176
6178 6001 6154 6156 6163 6166 6170 6177
6179 6075 6113 6146 6178
6183 2018 5746 5765 6180 6181 6182
6188 1953 6184 6185 6186 6187
6194 6189 6190 6191 6192 6193
6197 1958 6195 6196
6202 2034 3606 6198 6199 6200 6201
6206 3968 6203 6204 6205
6212 2041 3614 6207 6208 6209 6210 6211
6213 6183 6188 6194 6197 6202 6206 6212
6220 685 6214 6215 6216 6217 6218 6219
6227 6221 6222 6223 6224 6225 6226
6233 6228 6229 6230 6231 6232
6237 4579 6234 6235 6236
6243 4403 6238 6239 6240 6241 6242
6250 708 6244 6245 6246 6247 6248 6249
6251 6220 6227 6233 6237 6243 6250
6252 1977 6213 6251
6259 6253 6254 6255 6256 6257 6258
6264 5712 5771 5825 5939 6009 6260 6261 6262 6263
6267 6059 6127 6160 6265 6266
6270 6268 6269
6278 6271 6272 6273 6274 6275 6276 6277
6286 6279 6280 6281 6282 6283 6284 6285
6287 6259 6264 6267 6270 6278 6286
6293 5772 5939 5940 6288 6289 6290 6291 6292
6298 6060 6127 6294 6295 6296 6297
6303 3610 3682 6299 6300 6301 6302
6311 6281 6304 6305 6306 6307 6308 6309 6310
6312 6293 6298 6303 6311
6320 6313 6314 6315 6316 6317 6318 6319
6327 6321 6322 6323 6324 6325 6326
6333 6328 6329 6330 6331 6332
6338 6334 6335 6336 6337
6345 6339 6340 6341 6342 6343 6344
6346 6320 6327 6333 6338 6345
6347 6287 6312 6346
6354 5901 6348 6349 6350 6351 6352 6353
6365 6355 6356 6357 6358 6359 6360 6361 6362 6363 6364
6371 6366 6367 6368 6369 6370
6380 6372 6373 6374 6375 6376 6377 6378 6379
6388 6381 6382 6383 6384 6385 6386 6387
6395 2738 6389 6390 6391 6392 6393 6394
6396 6354 6365 6371 6380 6388 6395
6402 5901 6397 6398 6399 6400 6401
6409 6403 6404 6405 6406 6407 6408
6416 6410 6411 6412 6413 6414 6415
6423 6417 6418 6419 6420 6421 6422
6424 6402 6409 6416 6423
6427 5726 5786 5841 5902 6425 6426
6432 6065 6108 6428 6429 6430 6431
6438 6433 6434 6435 6436 6437
6445 6439 6440 6441 6442 6443 6444
6451 6419 6446 6447 6448 6449 6450
6456 3680 6452 6453 6454 6455
6462 6457 6458 6459 6460 6461
6463 6427 6432 6438 6445 6451 6456 6462
6470 6369 6464 6465 6466 6467 6468 6469
6476 2199 6471 6472 6473 6474 6475
6483 6477 6478 6479 6480 6481 6482
6490 6484 6485 6486 6487 6488 6489
6491 6470 6476 6483 6490
6495 5728 5752 5788 5843 5904 6426 6492 6493 6494
6499 6067 6431 6496 6497 6498
6504 1967 6500 6501 6502 6503
6509 6277 6505 6506 6507 6508
6514 6510 6511 6512 6513
6520 1992 6515 6516 6517 6518 6519
6521 6495 6499 6504 6509 6514 6520
6522 6396 6424 6463 6491 6521
6528 6523 6524 6525 6526 6527
6537 6529 6530 6531 6532 6533 6534 6535 6536
6543 6538 6539 6540 6541 6542
6550 4848 6544 6545 6546 6547 6548 6549
6551 5924 6528 6537 6543 6550
6558 6552 6553 6554 6555 6556 6557
6563 6559 6560 6561 6562
6569 6564 6565 6566 6567 6568
6570 5993 6558 6563 6569
6578 6571 6572 6573 6574 6575 6576 6577
6585 6579 6580 6581 6582 6583 6584
6591 6566 6586 6587 6588 6589 6590
6597 6592 6593 6594 6595 6596
6604 6598 6599 6600 6601 6602 6603
6605 6036 6177 6578 6585 6591 6597 6604
6610 5735 5795 5852 5967 6034 6606 6607 6608 6609
6613 6072 6142 6174 6611 6612
6617 1974 6209 6614 6615 6616
6622 6284 6618 6619 6620 6621
6629 6623 6624 6625 6626 6627 6628
6630 6514 6610 6613 6617 6622 6629
6635 6527 6631 6632 6633 6634
6638 704 1975 6210 6636 6637
6644 6513 6639 6640 6641 6642 6643
6649 6645 6646 6647 6648
6650 6635 6638 6644 6649
6651 6551 6570 6605 6630 6650
6652 6038 6179 6252 6347 6522 6651
6660 192 6653 6654 6655 6656 6657 6658 6659
6669 6661 6662 6663 6664 6665 6666 6667 6668
6676 6670 6671 6672 6673 6674 6675
6686 6677 6678 6679 6680 6681 6682 6683 6684 6685
6695 2787 6687 6688 6689 6690 6691 6692 6693 6694
6702 6696 6697 6698 6699 6700 6701
6712 6703 6704 6705 6706 6707 6708 6709 6710 6711
6713 6660 6669 6676 6686 6695 6702 6712
6723 6714 6715 6716 6717 6718 6719 6720 6721 6722
6733 6724 6725 6726 6727 6728 6729 6730 6731 6732
6739 6734 6735 6736 6737 6738
6746 6740 6741 6742 6743 6744 6745
6756 6703 6747 6748 6749 6750 6751 6752 6753 6754 6755
6757 6723 6733 6739 6746 6756
6767 6758 6759 6760 6761 6762 6763 6764 6765 6766
6777 6768 6769 6770 6771 6772 6773 6774 6775 6776
6786 6726 6778 6779 6780 6781 6782 6783 6784 6785
6793 6787 6788 6789 6790 6791 6792
6800 2782 6794 6795 6796 6797 6798 6799
6811 6704 6801 6802 6803 6804 6805 6806 6807 6808 6809 6810
6812 6767 6777 6786 6793 6800 6811
6816 6105 6109 6368 6813 6814 6815
6822 6352 6353 6817 6818 6819 6820 6821
6828 6393 6394 6823 6824 6825 6826 6827
6838 6829 6830 6831 6832 6833 6834 6835 6836 6837
6845 6839 6840 6841 6842 6843 6844
6850 6384 6386 6705 6747 6801 6846 6847 6848 6849
6851 6365 6380 6816 6822 6828 6838 6845 6850
6858 6852 6853 6854 6855 6856 6857
6868 6357 6859 6860 6861 6862 6863 6864 6865 6866 6867
6876 6869 6870 6871 6872 6873 6874 6875
6883 6877 6878 6879 6880 6881 6882
6891 2791 6688 6884 6885 6886 6887 6888 6889 6890
6897 6892 6893 6894 6895 6896
6903 6706 6748 6802 6898 6899 6900 6901 6902
6904 6858 6868 6876 6883 6891 6897 6903
6913 2774 6905 6906 6907 6908 6909 6910 6911 6912
6920 6914 6915 6916 6917 6918 6919
6930 6689 6921 6922 6923 6924 6925 6926 6927 6928 6929
6936 6931 6932 6933 6934 6935
6937 1997 6913 6920 6930 6936
6944 6938 6939 6940 6941 6942 6943
6952 6945 6946 6947 6948 6949 6950 6951
6958 2794 6692 6888 6927 6953 6954 6955 6956 6957
6966 2826 6959 6960 6961 6962 6963 6964 6965
6972 2833 6967 6968 6969 6970 6971
6981 2841 6447 6973 6974 6975 6976 6977 6978 6979 6980
6987 2850 6441 6982 6983 6984 6985 6986
6997 6988 6989 6990 6991 6992 6993 6994 6995 6996
6998 6944 6952 6958 6966 6972 6981 6987 6997
7003 6875 6999 7000 7001 7002
7010 7004 7005 7006 7007 7008 7009
7015 2795 6693 6890 6928 7011 7012 7013 7014
7024 5269 6978 7016 7017 7018 7019 7020 7021 7022 7023
7030 4635 6895 7025 7026 7027 7028 7029
7036 6709 6808 6847 6900 7031 7032 7033 7034 7035
7042 4643 7037 7038 7039 7040 7041
7043 7003 7010 7015 7024 7030 7036 7042
7044 2806 6713 6757 6812 6851 6904 6937 6998 7043
7045 7044
7049 7046 7047 7048
7056 7050 7051 7052 7053 7054 7055
7062 7057 7058 7059 7060 7061
7063 7049 7056 7062
7069 7064 7065 7066 7067 7068
7074 6101 7070 7071 7072 7073
7078 7052 7075 7076 7077
7087 7079 7080 7081 7082 7083 7084 7085 7086
7093 5955 7088 7089 7090 7091 7092
7102 5963 7094 7095 7096 7097 7098 7099 7100 7101
7103 7069 7074 7078 7087 7093 7102
7107 7104 7105 7106
7110 7108 7109
7117 7111 7112 7113 7114 7115 7116
7125 7118 7119 7120 7121 7122 7123 7124
7126 7107 7110 7117 7125
7134 7127 7128 7129 7130 7131 7132 7133
7140 7135 7136 7137 7138 7139
7149 7141 7142 7143 7144 7145 7146 7147 7148
7154 7058 7150 7151 7152 7153
7161 7121 7155 7156 7157 7158 7159 7160
7162 7134 7140 7149 7154 7161
7163 7063 7103 7126 7162
7169 3584 3586 7164 7165 7166 7167 7168
7175 7170 7171 7172 7173 7174
7179 3590 3592 3594 7176 7177 7178
7188 2628 7180 7181 7182 7183 7184 7185 7186 7187
7194 3596 3597 7189 7190 7191 7192 7193
7195 3611 3619 7169 7175 7179 7188 7194
7201 3667 7196 7197 7198 7199 7200
7207 7181 7202 7203 7204 7205 7206
7213 7208 7209 7210 7211 7212
7222 3612 7214 7215 7216 7217 7218 7219 7220 7221
7223 3683 7078 7201 7207 7213 7222
7226 3845 3847 3849 6945 6947 7224 7225
7232 6953 6955 7227 7228 7229 7230 7231
7236 3648 6969 7233 7234 7235
7241 3724 6441 6982 7237 7238 7239 7240
7242 6966 6981 7226 7232 7236 7241
7243 3663 3729 7195 7223 7242
7251 7244 7245 7246 7247 7248 7249 7250
7258 7252 7253 7254 7255 7256 7257
7265 7259 7260 7261 7262 7263 7264
7273 7266 7267 7268 7269 7270 7271 7272
7279 7274 7275 7276 7277 7278
7284 7280 7281 7282 7283
7291 7285 7286 7287 7288 7289 7290
7292 7251 7258 7265 7273 7279 7284 7291
7299 7293 7294 7295 7296 7297 7298
7305 7247 7300 7301 7302 7303 7304
7312 7306 7307 7308 7309 7310 7311
7319 7313 7314 7315 7316 7317 7318
7327 7259 7320 7321 7322 7323 7324 7325 7326
7332 744 7328 7329 7330 7331
7338 985 7333 7334 7335 7336 7337
7346 7339 7340 7341 7342 7343 7344 7345
7352 7285 7347 7348 7349 7350 7351
7353 7299 7305 7312 7319 7327 7332 7338 7346 7352
7357 7083 7354 7355 7356
7362 1958 7184 7358 7359 7360 7361
7369 7363 7364 7365 7366 7367 7368
7377 7370 7371 7372 7373 7374 7375 7376
7378 2039 7357 7362 7369 7377
7386 7379 7380 7381 7382 7383 7384 7385
7393 3106 3108 7387 7388 7389 7390 7391 7392
7402 731 7394 7395 7396 7397 7398 7399 7400 7401
7412 7403 7404 7405 7406 7407 7408 7409 7410 7411
7413 2837 7386 7393 7402 7412
7421 7414 7415 7416 7417 7418 7419 7420
7426 7322 7422 7423 7424 7425
7430 3682 7427 7428 7429
7435 7431 7432 7433 7434
7440 7436 7437 7438 7439
7445 7348 7441 7442 7443 7444
7446 5941 6129 7421 7426 7430 7435 7440 7445
7447 7292 7353 7378 7413 7446
7450 2034 7448 7449
7455 7092 7451 7452 7453 7454
7463 7456 7457 7458 7459 7460 7461 7462
7470 7462 7464 7465 7466 7467 7468 7469
7471 5961 6137 7430 7450 7455 7463 7470
7478 2833 3680 6968 7472 7473 7474 7475 7476 7477
7484 3609 3681 6299 7479 7480 7481 7482 7483
7490 7091 7451 7485 7486 7487 7488 7489
7500 2878 7491 7492 7493 7494 7495 7496 7497 7498 7499
7501 7478 7484 7490 7500
7502 7471 7501
7508 7503 7504 7505 7506 7507
7516 7509 7510 7511 7512 7513 7514 7515
7522 7517 7518 7519 7520 7521
7523 7125 7508 7516 7522
7528 7524 7525 7526 7527
7535 7529 7530 7531 7532 7533 7534
7536 5969 6145 7440 7470 7528 7535
7546 7537 7538 7539 7540 7541 7542 7543 7544 7545
7553 3577 3615 3724 7217 7547 7548 7549 7550 7551 7552
7562 7554 7555 7556 7557 7558 7559 7560 7561
7571 3891 6305 7563 7564 7565 7566 7567 7568 7569 7570
7579 7529 7572 7573 7574 7575 7576 7577 7578
7588 7580 7581 7582 7583 7584 7585 7586 7587
7596 7589 7590 7591 7592 7593 7594 7595
7597 7161 7546 7553 7562 7571 7579 7588 7596
7605 7098 7598 7599 7600 7601 7602 7603 7604
7612 3578 7218 7548 7606 7607 7608 7609 7610 7611
7618 7613 7614 7615 7616 7617
7625 7619 7620 7621 7622 7623 7624
7633 7626 7627 7628 7629 7630 7631 7632
7640 7634 7635 7636 7637 7638 7639
7641 7605 7612 7618 7625 7633 7640
7648 7099 7642 7643 7644 7645 7646 7647
7654 3617 7219 7550 7649 7650 7651 7652 7653
7659 7655 7656 7657 7658
7662 2102 7460 7467 7660 7661
7668 6624 7663 7664 7665 7666 7667
7669 7648 7654 7659 7662 7668
7674 7220 7670 7671 7672 7673
7679 7595 7675 7676 7677 7678
7680 7674 7679
7684 7101 7604 7647 7681 7682 7683
7687 7507 7527 7685 7686
7690 3618 7221 7552 7611 7653 7688 7689
7696 7345 7691 7692 7693 7694 7695
7703 7697 7698 7699 7700 7701 7702
7711 7704 7705 7706 7707 7708 7709 7710
7719 7712 7713 7714 7715 7716 7717 7718
7720 7684 7687 7690 7696 7703 7711 7719
7721 7523 7536 7597 7641 7669 7680 7720
7722 7163 7243 7447 7502 7721
7726 7723 7724 7725
7733 7727 7728 7729 7730 7731 7732
7738 7060 7734 7735 7736 7737
7739 7726 7733 7738
7745 7740 7741 7742 7743 7744
7750 6099 7746 7747 7748 7749
7754 7729 7751 7752 7753
7764 7755 7756 7757 7758 7759 7760 7761 7762 7763
7769 6026 7091 7765 7766 7767 7768
7778 5794 7770 7771 7772 7773 7774 7775 7776 7777
7779 7745 7750 7754 7764 7769 7778
7783 7780 7781 7782
7786 7784 7785
7794 7787 7788 7789 7790 7791 7792 7793
7802 7795 7796 7797 7798 7799 7800 7801
7803 7783 7786 7794 7802
7813 7804 7805 7806 7807 7808 7809 7810 7811 7812
7821 7814 7815 7816 7817 7818 7819 7820
7827 7822 7823 7824 7825 7826
7831 7152 7735 7828 7829 7830
7838 7832 7833 7834 7835 7836 7837
7839 7813 7821 7827 7831 7838
7840 7739 7779 7803 7839
7848 7841 7842 7843 7844 7845 7846 7847
7854 7849 7850 7851 7852 7853
7861 7855 7856 7857 7858 7859 7860
7870 7862 7863 7864 7865 7866 7867 7868 7869
7879 7871 7872 7873 7874 7875 7876 7877 7878
7885 3609 7677 7880 7881 7882 7883 7884
7893 7886 7887 7888 7889 7890 7891 7892
7894 7848 7854 7861 7870 7879 7885 7893
7901 7895 7896 7897 7898 7899 7900
7908 7902 7903 7904 7905 7906 7907
7917 7909 7910 7911 7912 7913 7914 7915 7916
7925 3650 7918 7919 7920 7921 7922 7923 7924
7935 7926 7927 7928 7929 7930 7931 7932 7933 7934
7936 7901 7908 7917 7925 7935
7943 7937 7938 7939 7940 7941 7942
7951 7944 7945 7946 7947 7948 7949 7950
7956 3681 7881 7952 7953 7954 7955
7965 7886 7957 7958 7959 7960 7961 7962 7963 7964
7971 7966 7967 7968 7969 7970
7972 7754 7943 7951 7956 7965 7971
7978 7973 7974 7975 7976 7977
7986 7979 7980 7981 7982 7983 7984 7985
7992 7910 7987 7988 7989 7990 7991
8000 7993 7994 7995 7996 7997 7998 7999
8007 7927 8001 8002 8003 8004 8005 8006
8008 7978 7986 7992 8000 8007
8017 2871 8009 8010 8011 8012 8013 8014 8015 8016
8024 6694 8018 8019 8020 8021 8022 8023
8028 7234 7922 8025 8026 8027
8035 8029 8030 8031 8032 8033 8034
8045 2891 8036 8037 8038 8039 8040 8041 8042 8043 8044
8046 7226 8017 8024 8028 8035 8045
8047 7894 7936 7972 8008 8046
8054 8048 8049 8050 8051 8052 8053
8062 8055 8056 8057 8058 8059 8060 8061
8070 8063 8064 8065 8066 8067 8068 8069
8078 8071 8072 8073 8074 8075 8076 8077
8084 8079 8080 8081 8082 8083
8085 8054 8062 8070 8078 8084
8091 8086 8087 8088 8089 8090
8096 8050 8092 8093 8094 8095
8102 8097 8098 8099 8100 8101
8109 8103 8104 8105 8106 8107 8108
8116 742 8110 8111 8112 8113 8114 8115
8126 8117 8118 8119 8120 8121 8122 8123 8124 8125
8133 8071 8127 8128 8129 8130 8131 8132
8140 8134 8135 8136 8137 8138 8139
8141 8091 8096 8102 8109 8116 8126 8133 8140
8146 6258 7664 8142 8143 8144 8145
8152 7759 8088 8147 8148 8149 8150 8151
8158 1961 7584 7865 8100 8153 8154 8155 8156 8157
8161 2035 6454 7660 8159 8160
8167 7570 8162 8163 8164 8165 8166
8168 8146 8152 8158 8161 8167
8175 7636 8169 8170 8171 8172 8173 8174
8183 8176 8177 8178 8179 8180 8181 8182
8192 8184 8185 8186 8187 8188 8189 8190 8191
8199 7628 8193 8194 8195 8196 8197 8198
8207 8200 8201 8202 8203 8204 8205 8206
8208 8175 8183 8192 8199 8207
8215 8209 8210 8211 8212 8213 8214
8219 6452 8159 8216 8217 8218
8225 8128 8220 8221 8222 8223 8224
8230 8226 8227 8228 8229
8231 6011 6163 6585 8215 8219 8225 8230
8237 7763 8151 8232 8233 8234 8235 8236
8244 7950 8157 8238 8239 8240 8241 8242 8243
8249 3442 6581 8164 8245 8246 8247 8248
8250 7236 8237 8244 8249
8251 8085 8141 8168 8208 8231 8250
8255 2101 6199 8252 8253 8254
8259 7485 7768 8256 8257 8258
8260 6031 6170 6456 6597 8219 8255 8259
8261 7501 8260
8270 8262 8263 8264 8265 8266 8267 8268 8269
8276 8271 8272 8273 8274 8275
8283 8277 8278 8279 8280 8281 8282
8290 8284 8285 8286 8287 8288 8289
8296 8291 8292 8293 8294 8295
8297 7802 8270 8276 8283 8290 8296
8303 7889 7960 7996 8298 8299 8300 8301 8302
8306 3761 3802 3891 5345 7569 8272 8304 8305
8313 7311 7361 8307 8308 8309 8310 8311 8312
8320 8314 8315 8316 8317 8318 8319
8321 7838 8303 8306 8313 8320
8330 7774 8322 8323 8324 8325 8326 8327 8328 8329
8340 7961 8331 8332 8333 8334 8335 8336 8337 8338 8339
8348 8341 8342 8343 8344 8345 8346 8347
8355 7385 8349 8350 8351 8352 8353 8354
8356 2881 3446 8330 8340 8348 8355
8360 7775 8357 8358 8359
8363 7891 7962 8300 8361 8362
8370 8364 8365 8366 8367 8368 8369
8379 8371 8372 8373 8374 8375 8376 8377 8378
8380 2105 8360 8363 8370 8379
8385 7963 8381 8382 8383 8384
8389 7677 7882 8386 8387 8388
8390 8385 8389
8395 7777 8329 8391 8392 8393 8394
8400 6577 8269 8396 8397 8398 8399
8404 7892 7964 8302 8339 8401 8402 8403
8411 8125 8405 8406 8407 8408 8409 8410
8417 985 8412 8413 8414 8415 8416
8422 744 8418 8419 8420 8421
8428 6603 8295 8423 8424 8425 8426 8427
8437 8429 8430 8431 8432 8433 8434 8435 8436
8438 8395 8400 8404 8411 8417 8422 8428 8437
8439 6605 8297 8321 8356 8380 8390 8438
8440 7840 8047 8251 8261 8439
8441 6652 7045 7722 8440
8449 8442 8443 8444 8445 8446 8447 8448
8457 8450 8451 8452 8453 8454 8455 8456
8466 8458 8459 8460 8461 8462 8463 8464 8465
8476 8467 8468 8469 8470 8471 8472 8473 8474 8475
8483 8477 8478 8479 8480 8481 8482
8484 8449 8457 8466 8476 8483
8492 8485 8486 8487 8488 8489 8490 8491
8500 8493 8494 8495 8496 8497 8498 8499
8508 8501 8502 8503 8504 8505 8506 8507
8516 8509 8510 8511 8512 8513 8514 8515
8523 8517 8518 8519 8520 8521 8522
8524 8492 8500 8508 8516 8523
8534 8525 8526 8527 8528 8529 8530 8531 8532 8533
8540 8497 8535 8536 8537 8538 8539
8547 6875 7000 8541 8542 8543 8544 8545 8546
8555 8548 8549 8550 8551 8552 8553 8554
8563 8556 8557 8558 8559 8560 8561 8562
8571 8564 8565 8566 8567 8568 8569 8570
8572 8534 8540 8547 8555 8563 8571
8578 8573 8574 8575 8576 8577
8585 8579 8580 8581 8582 8583 8584
8593 8586 8587 8588 8589 8590 8591 8592
8599 8594 8595 8596 8597 8598
8606 8600 8601 8602 8603 8604 8605
8607 8578 8585 8593 8599 8606
8615 8608 8609 8610 8611 8612 8613 8614
8620 8616 8617 8618 8619
8626 8590 8621 8622 8623 8624 8625
8632 8482 8627 8628 8629 8630 8631
8639 8633 8634 8635 8636 8637 8638
8640 8615 8620 8626 8632 8639
8641 8484 8524 8572 8607 8640
8650 8642 8643 8644 8645 8646 8647 8648 8649
8657 8452 8487 8527 8651 8652 8653 8654 8655 8656
8668 8658 8659 8660 8661 8662 8663 8664 8665 8666 8667
8677 8669 8670 8671 8672 8673 8674 8675 8676
8678 8650 8657 8668 8677
8684 8488 8528 8679 8680 8681 8682 8683
8695 8685 8686 8687 8688 8689 8690 8691 8692 8693 8694
8704 8696 8697 8698 8699 8700 8701 8702 8703
8705 8684 8695 8704
8711 8454 8706 8707 8708 8709 8710
8720 8712 8713 8714 8715 8716 8717 8718 8719
8729 8721 8722 8723 8724 8725 8726 8727 8728
8730 8711 8720 8729
8735 8731 8732 8733 8734
8741 8736 8737 8738 8739 8740
8747 8742 8743 8744 8745 8746
8754 8748 8749 8750 8751 8752 8753
8755 8735 8741 8747 8754
8763 8756 8757 8758 8759 8760 8761 8762
8771 8764 8765 8766 8767 8768 8769 8770
8779 8772 8773 8774 8775 8776 8777 8778
8783 3970 8780 8781 8782
8791 8784 8785 8786 8787 8788 8789 8790
8797 8751 8792 8793 8794 8795 8796
8807 8798 8799 8800 8801 8802 8803 8804 8805 8806
8808 8763 8771 8779 8783 8791 8797 8807
8809 8491 8656
8813 8762 8810 8811 8812
8819 8814 8815 8816 8817 8818
8824 8820 8821 8822 8823
8831 8825 8826 8827 8828 8829 8830
8835 8832 8833 8834
8836 8809 8813 8819 8824 8831 8835
8837 8678 8705 8730 8755 8808 8836
8843 2123 4975 8838 8839 8840 8841 8842
8850 4982 8844 8845 8846 8847 8848 8849
8857 8713 8851 8852 8853 8854 8855 8856
8864 4990 8858 8859 8860 8861 8862 8863
8870 8865 8866 8867 8868 8869
8871 5001 8843 8850 8857 8864 8870
8876 2119 2120 8872 8873 8874 8875
8884 5032 8877 8878 8879 8880 8881 8882 8883
8890 8885 8886 8887 8888 8889
8891 2129 2137 5041 8876 8884 8890
8897 8690 8715 8767 8892 8893 8894 8895 8896
8907 8898 8899 8900 8901 8902 8903 8904 8905 8906
8915 5074 5075 8908 8909 8910 8911 8912 8913 8914
8921 5084 8916 8917 8918 8919 8920
8922 8500 8897 8907 8915 8921
8929 5556 5599 8691 8716 8923 8924 8925 8926 8927 8928
8938 7005 7006 8930 8931 8932 8933 8934 8935 8936 8937
8945 4330 4368 8939 8940 8941 8942 8943 8944
8952 4995 5037 5343 8946 8947 8948 8949 8950 8951
8958 5296 8947 8948 8953 8954 8955 8956 8957
8959 8540 8929 8938 8945 8952 8958
8965 4982 8960 8961 8962 8963 8964
8971 5158 8966 8967 8968 8969 8970
8978 8972 8973 8974 8975 8976 8977
8987 5170 8979 8980 8981 8982 8983 8984 8985 8986
8990 4974 5187 5188 8988 8989
8993 5010 5012 5052 5194 8991 8992
8994 5168 8965 8971 8978 8987 8990 8993
9003 8995 8996 8997 8998 8999 9000 9001 9002
9012 3485 9004 9005 9006 9007 9008 9009 9010 9011
9020 5432 9013 9014 9015 9016 9017 9018 9019
9028 2210 9021 9022 9023 9024 9025 9026 9027
9029 9003 9012 9020 9028
9035 8848 9030 9031 9032 9033 9034
9042 9036 9037 9038 9039 9040 9041
9049 8882 9043 9044 9045 9046 9047 9048
9057 9010 9050 9051 9052 9053 9054 9055 9056
9065 9058 9059 9060 9061 9062 9063 9064
9073 8983 9066 9067 9068 9069 9070 9071 9072
9077 5050 8868 8888 9074 9075 9076
9084 9078 9079 9080 9081 9082 9083
9085 9035 9042 9049 9057 9065 9073 9077 9084
9086 8871 8891 8922 8959 8994 9029 9085
9092 8470 8558 9087 9088 9089 9090 9091
9100 9093 9094 9095 9096 9097 9098 9099
9105 9101 9102 9103 9104
9111 8947 9106 9107 9108 9109 9110
9119 9112 9113 9114 9115 9116 9117 9118
9127 9120 9121 9122 9123 9124 9125 9126
9135 9128 9129 9130 9131 9132 9133 9134
9136 9092 9100 9105 9111 9119 9127 9135
9141 7572 8472 9137 9138 9139 9140
9146 9142 9143 9144 9145
9151 9147 9148 9149 9150
9159 9152 9153 9154 9155 9156 9157 9158
9166 9122 9160 9161 9162 9163 9164 9165
9175 9167 9168 9169 9170 9171 9172 9173 9174
9176 9141 9146 9151 9159 9166 9175
9183 7572 8473 9089 9177 9178 9179 9180 9181 9182
9193 9184 9185 9186 9187 9188 9189 9190 9191 9192
9202 8673 9194 9195 9196 9197 9198 9199 9200 9201
9209 4997 5039 5343 7563 8911 9203 9204 9205 9206 9207 9208
9218 9210 9211 9212 9213 9214 9215 9216 9217
9227 9219 9220 9221 9222 9223 9224 9225 9226
9228 9183 9193 9202 9209 9218 9227
9236 9229 9230 9231 9232 9233 9234 9235
9244 9237 9238 9239 9240 9241 9242 9243
9254 9245 9246 9247 9248 9249 9250 9251 9252 9253
9262 9169 9255 9256 9257 9258 9259 9260 9261
9271 9263 9264 9265 9266 9267 9268 9269 9270
9280 9272 9273 9274 9275 9276 9277 9278 9279
9288 9281 9282 9283 9284 9285 9286 9287
9289 9236 9244 9254 9262 9271 9280 9288
9297 9290 9291 9292 9293 9294 9295 9296
9304 5040 9298 9299 9300 9301 9302 9303
9310 5231 9118 9158 9305 9306 9307 9308 9309
9317 9170 9311 9312 9313 9314 9315 9316
9325 9318 9319 9320 9321 9322 9323 9324
9333 9326 9327 9328 9329 9330 9331 9332
9334 9297 9304 9310 9317 9325 9333
9344 9335 9336 9337 9338 9339 9340 9341 9342 9343
9348 9235 9345 9346 9347
9354 1288 9349 9350 9351 9352 9353
9365 9355 9356 9357 9358 9359 9360 9361 9362 9363 9364
9372 9366 9367 9368 9369 9370 9371
9376 9171 9260 9315 9373 9374 9375
9381 9269 9323 9377 9378 9379 9380
9382 8824 9344 9348 9354 9365 9372 9376 9381
9383 9136 9176 9228 9289 9334 9382
9384 8641 8837 9086 9383
9392 9385 9386 9387 9388 9389 9390 9391
9401 9393 9394 9395 9396 9397 9398 9399 9400
9411 9402 9403 9404 9405 9406 9407 9408 9409 9410
9419 9412 9413 9414 9415 9416 9417 9418
9425 8229 9420 9421 9422 9423 9424
9434 9426 9427 9428 9429 9430 9431 9432 9433
9435 9392 9401 9411 9419 9425 9434
9444 9436 9437 9438 9439 9440 9441 9442 9443
9452 9445 9446 9447 9448 9449 9450 9451
9461 9453 9454 9455 9456 9457 9458 9459 9460
9470 9462 9463 9464 9465 9466 9467 9468 9469
9480 9471 9472 9473 9474 9475 9476 9477 9478 9479
9489 9428 9481 9482 9483 9484 9485 9486 9487 9488
9490 9444 9452 9461 9470 9480 9489
9496 9449 9491 9492 9493 9494 9495
9506 9497 9498 9499 9500 9501 9502 9503 9504 9505
9513 9507 9508 9509 9510 9511 9512
9520 9514 9515 9516 9517 9518 9519
9521 7821 9496 9506 9513 9520
9527 9522 9523 9524 9525 9526
9534 9528 9529 9530 9531 9532 9533
9540 7578 9535 9536 9537 9538 9539
9548 9541 9542 9543 9544 9545 9546 9547
9554 9549 9550 9551 9552 9553
9555 9527 9534 9540 9548 9554
9563 9556 9557 9558 9559 9560 9561 9562
9568 9564 9565 9566 9567
9572 7577 8226 9424 9569 9570 9571
9578 9573 9574 9575 9576 9577
9585 9579 9580 9581 9582 9583 9584
9586 9563 9568 9572 9578 9585
9587 9435 9490 9521 9555 9586
9596 9588 9589 9590 9591 9592 9593 9594 9595
9604 9395 9438 9597 9598 9599 9600 9601 9602 9603
9616 9605 9606 9607 9608 9609 9610 9611 9612 9613 9614 9615
9625 8673 9617 9618 9619 9620 9621 9622 9623 9624
9633 9626 9627 9628 9629 9630 9631 9632
9634 9596 9604 9616 9625 9633
9641 9439 9635 9636 9637 9638 9639 9640
9649 3249 3293 3403 9642 9643 9644 9645 9646 9647 9648
9657 8700 9650 9651 9652 9653 9654 9655 9656
9665 9658 9659 9660 9661 9662 9663 9664
9666 9641 9649 9657 9665
9675 9667 9668 9669 9670 9671 9672 9673 9674
9682 2912 3403 9676 9677 9678 9679 9680 9681
9690 6989 6991 9683 9684 9685 9686 9687 9688 9689
9697 9691 9692 9693 9694 9695 9696
9705 4162 9698 9699 9700 9701 9702 9703 9704
9713 9706 9707 9708 9709 9710 9711 9712
9722 9714 9715 9716 9717 9718 9719 9720 9721
9723 9675 9682 9690 9697 9705 9713 9722
9729 9398 9724 9725 9726 9727 9728
9738 9730 9731 9732 9733 9734 9735 9736 9737
9746 8725 9739 9740 9741 9742 9743 9744 9745
9754 9747 9748 9749 9750 9751 9752 9753
9755 9729 9738 9746 9754
9760 9756 9757 9758 9759
9766 9761 9762 9763 9764 9765
9773 9709 9767 9768 9769 9770 9771 9772
9779 9774 9775 9776 9777 9778
9780 9760 9766 9773 9779
9788 9781 9782 9783 9784 9785 9786 9787
9796 9789 9790 9791 9792 9793 9794 9795
9804 9797 9798 9799 9800 9801 9802 9803
9812 9702 9805 9806 9807 9808 9809 9810 9811
9818 9710 9770 9813 9814 9815 9816 9817
9827 9819 9820 9821 9822 9823 9824 9825 9826
9828 9788 9796 9804 9812 9818 9827
9830 9443 9603 9829
9834 9674 9787 9831 9832 9833
9841 9835 9836 9837 9838 9839 9840
9849 9201 9842 9843 9844 9845 9846 9847 9848
9857 9850 9851 9852 9853 9854 9855 9856
9860 9631 9663 9751 9858 9859
9865 9861 9862 9863 9864
9866 9830 9834 9841 9849 9857 9860 9865
9867 9634 9666 9723 9755 9780 9828 9866
9873 2155 3912 9868 9869 9870 9871 9872
9881 9874 9875 9876 9877 9878 9879 9880
9889 9731 9882 9883 9884 9885 9886 9887 9888
9898 9890 9891 9892 9893 9894 9895 9896 9897
9905 9899 9900 9901 9902 9903 9904
9910 3890 9906 9907 9908 9909
9918 9911 9912 9913 9914 9915 9916 9917
9919 9873 9881 9889 9898 9905 9910 9918
9925 2151 2152 9920 9921 9922 9923 9924
9934 3401 9926 9927 9928 9929 9930 9931 9932 9933
9938 2171 2173 2175 9935 9936 9937
9939 6620 8165 8365 8367 8369
9945 2178 2180 9940 9941 9942 9943 9944
9946 2161 2169 9925 9934 9938 9939 9945
9952 9645 9678 9733 9792 9947 9948 9949 9950 9951
9963 9953 9954 9955 9956 9957 9958 9959 9960 9961 9962
9973 8911 9964 9965 9966 9967 9968 9969 9970 9971 9972
9980 9911 9940 9974 9975 9976 9977 9978 9979
9988 9981 9982 9983 9984 9985 9986 9987
9989 9452 9952 9963 9973 9980 9988
9995 9878 9990 9991 9992 9993 9994
10002 9996 9997 9998 9999 10000 10001
10009 10003 10004 10005 10006 10007 10008
10014 3759 3891 10010 10011 10012 10013
10024 10015 10016 10017 10018 10019 10020 10021 10022 10023
10029 3734 10025 10026 10027 10028
10034 10030 10031 10032 10033
10035 9995 10002 10009 10014 10024 10029 10034
10044 10036 10037 10038 10039 10040 10041 10042 10043
10053 3486 3863 9009 10045 10046 10047 10048 10049 10050 10051 10052
10063 10054 10055 10056 10057 10058 10059 10060 10061 10062
10064 10044 10053 10063
10070 9879 10065 10066 10067 10068 10069
10077 10071 10072 10073 10074 10075 10076
10084 9932 10078 10079 10080 10081 10082 10083
10089 3862 10051 10085 10086 10087 10088
10092 3800 7570 8165 9908 10090 10091
10100 10093 10094 10095 10096 10097 10098 10099
10106 10101 10102 10103 10104 10105
10113 10107 10108 10109 10110 10111 10112
10114 10070 10077 10084 10089 10092 10100 10106 10113
10115 3870 9919 9946 9989 10035 10064 10114
10119 9414 10116 10117 10118
10125 9194 9651 9843 10120 10121 10122 10123 10124
10131 10126 10127 10128 10129 10130
10136 6446 10132 10133 10134 10135
10143 10137 10138 10139 10140 10141 10142
10151 10144 10145 10146 10147 10148 10149 10150
10159 10152 10153 10154 10155 10156 10157 10158
10160 10119 10125 10131 10136 10143 10151 10159
10171 9188 10161 10162 10163 10164 10165 10166 10167 10168 10169 10170
10178 3433 10128 10172 10173 10174 10175 10176 10177
10185 10179 10180 10181 10182 10183 10184
10194 10186 10187 10188 10189 10190 10191 10192 10193
10203 10195 10196 10197 10198 10199 10200 10201 10202
10204 10171 10178 10185 10194 10203
10208 9416 10205 10206 10207
10215 7537 10209 10210 10211 10212 10213 10214
10221 10216 10217 10218 10219 10220
10226 6448 10222 10223 10224 10225
10231 9162 10138 10227 10228 10229 10230
10240 10232 10233 10234 10235 10236 10237 10238 10239
10248 10241 10242 10243 10244 10245 10246 10247
10249 10208 10215 10221 10226 10231 10240 10248
10259 9191 10250 10251 10252 10253 10254 10255 10256 10257 10258
10268 10260 10261 10262 10263 10264 10265 10266 10267
10277 10269 10270 10271 10272 10273 10274 10275 10276
10286 10278 10279 10280 10281 10282 10283 10284 10285
10296 9223 10287 10288 10289 10290 10291 10292 10293 10294 10295
10304 9285 10297 10298 10299 10300 10301 10302 10303
10305 10259 10268 10277 10286 10296 10304
10315 10169 10306 10307 10308 10309 10310 10311 10312 10313 10314
10321 9937 10177 10316 10317 10318 10319 10320
10324 3969 6450 10135 10225 10322 10323
10331 10190 10244 10325 10326 10327 10328 10329 10330
10339 9224 10199 10332 10333 10334 10335 10336 10337 10338
10346 9330 10340 10341 10342 10343 10344 10345
10347 10315 10321 10324 10331 10339 10346
10355 10348 10349 10350 10351 10352 10353 10354
10361 9192 10170 10258 10356 10357 10358 10359 10360
10372 10362 10363 10364 10365 10366 10367 10368 10369 10370 10371
10381 10373 10374 10375 10376 10377 10378 10379 10380
10388 9369 10382 10383 10384 10385 10386 10387
10394 10236 10389 10390 10391 10392 10393
10399 10245 10328 10395 10396 10397 10398
10403 9225 10292 10335 10400 10401 10402
10404 9849 10355 10361 10372 10381 10388 10394 10399 10403
10405 9228 10160 10204 10249 10305 10347 10404
10412 10406 10407 10408 10409 10410 10411
10418 10413 10414 10415 10416 10417
10419 10412 10418
10427 10420 10421 10422 10423 10424 10425 10426
10434 10428 10429 10430 10431 10432 10433
10442 10435 10436 10437 10438 10439 10440 10441
10450 10443 10444 10445 10446 10447 10448 10449
10457 10451 10452 10453 10454 10455 10456
10458 10427 10434 10442 10450 10457
10464 10459 10460 10461 10462 10463
10470 10431 10465 10466 10467 10468 10469
10476 10439 10471 10472 10473 10474 10475
10482 10477 10478 10479 10480 10481
10483 10464 10470 10476 10482
10489 9487 10484 10485 10486 10487 10488
10496 10490 10491 10492 10493 10494 10495
10502 10497 10498 10499 10500 10501
10503 9860 10394 10489 10496 10502
10509 9433 9488 10504 10505 10506 10507 10508
10515 9632 9664 9752 9859 10510 10511 10512 10513 10514
10522 9917 9944 9979 10516 10517 10518 10519 10520 10521
10532 10523 10524 10525 10526 10527 10528 10529 10530 10531
10541 10533 10534 10535 10536 10537 10538 10539 10540
10542 10509 10515 10522 10532 10541
10543 10419 10458 10483 10503 10542
10544 9587 9867 10115 10405 10543
10551 10545 10546 10547 10548 10549 10550
10563 10552 10553 10554 10555 10556 10557 10558 10559 10560 10561 10562
10571 10564 10565 10566 10567 10568 10569 10570
10576 2212 3388 10572 10573 10574 10575
10582 10577 10578 10579 10580 10581
10587 2219 3358 10583 10584 10585 10586
10588 2192 10551 10563 10571 10576 10582 10587
10597 10589 10590 10591 10592 10593 10594 10595 10596
10604 3379 10598 10599 10600 10601 10602 10603
10612 10605 10606 10607 10608 10609 10610 10611
10620 10613 10614 10615 10616 10617 10618 10619
10628 10621 10622 10623 10624 10625 10626 10627
10635 10629 10630 10631 10632 10633 10634
10642 10636 10637 10638 10639 10640 10641
10651 10643 10644 10645 10646 10647 10648 10649 10650
10660 3367 10652 10653 10654 10655 10656 10657 10658 10659
10670 10661 10662 10663 10664 10665 10666 10667 10668 10669
10680 10671 10672 10673 10674 10675 10676 10677 10678 10679
10681 10597 10604 10612 10620 10628 10635 10642 10651 10660 10670 10680
10686 10595 10682 10683 10684 10685
10690 1345 10602 10687 10688 10689
10695 10610 10691 10692 10693 10694
10700 10696 10697 10698 10699
10705 1370 10656 10701 10702 10703 10704
10710 10706 10707 10708 10709
10716 10711 10712 10713 10714 10715
10722 10717 10718 10719 10720 10721
10723 10686 10690 10695 10700 10705 10710 10716 10722
10731 10724 10725 10726 10727 10728 10729 10730
10739 10732 10733 10734 10735 10736 10737 10738
10745 10567 10740 10741 10742 10743 10744
10754 10746 10747 10748 10749 10750 10751 10752 10753
10759 3442 7613 8202 10640 10755 10756 10757 10758
10766 5128 10760 10761 10762 10763 10764 10765
10772 3196 10572 10767 10768 10769 10770 10771
10781 10773 10774 10775 10776 10777 10778 10779 10780
10782 10731 10739 10745 10754 10759 10766 10772 10781
10787 10596 10783 10784 10785 10786
10791 1347 10603 10788 10789 10790
10796 10611 10792 10793 10794 10795
10801 10797 10798 10799 10800
10809 10802 10803 10804 10805 10806 10807 10808
10814 10709 10810 10811 10812 10813
10819 10777 10815 10816 10817 10818
10823 1388 10584 10820 10821 10822
10824 10787 10791 10796 10801 10809 10814 10819 10823
10825 10588 10681 10723 10782 10824
10835 5751 5903 10826 10827 10828 10829 10830 10831 10832 10833 10834
10842 10836 10837 10838 10839 10840 10841
10847 2731 6479 10843 10844 10845 10846
10853 10848 10849 10850 10851 10852
10858 2718 6486 10854 10855 10856 10857
10859 6470 6476 10835 10842 10847 10853 10858
10866 10860 10861 10862 10863 10864 10865
10870 2693 3466 10605 10609 10867 10868 10869
10879 10871 10872 10873 10874 10875 10876 10877 10878
10887 10880 10881 10882 10883 10884 10885 10886
10892 7626 8197 10888 10889 10890 10891
10899 10893 10894 10895 10896 10897 10898
10907 10900 10901 10902 10903 10904 10905 10906
10908 10866 10870 10879 10887 10892 10899 10907
10917 10609 10909 10910 10911 10912 10913 10914 10915 10916
10924 2731 2761 2955 3039 10918 10919 10920 10921 10922 10923
10932 2313 2346 2718 10925 10926 10927 10928 10929 10930 10931
10933 10917 10924 10932
10941 10864 10934 10935 10936 10937 10938 10939 10940
10947 10838 10942 10943 10944 10945 10946
10955 10948 10949 10950 10951 10952 10953 10954
10963 10956 10957 10958 10959 10960 10961 10962
10971 10964 10965 10966 10967 10968 10969 10970
10981 10972 10973 10974 10975 10976 10977 10978 10979 10980
10990 10982 10983 10984 10985 10986 10987 10988 10989
10991 10695 10941 10947 10955 10963 10971 10981 10990
10997 10939 10992 10993 10994 10995 10996
11005 10998 10999 11000 11001 11002 11003 11004
11013 11006 11007 11008 11009 11010 11011 11012
11018 10843 10920 11014 11015 11016 11017
11026 11019 11020 11021 11022 11023 11024 11025
11027 7633 10739 10997 11005 11013 11018 11026
11033 10865 10996 11028 11029 11030 11031 11032
11038 10840 11034 11035 11036 11037
11045 11039 11040 11041 11042 11043 11044
11051 2593 10969 11046 11047 11048 11049 11050
11059 11022 11052 11053 11054 11055 11056 11057 11058
11065 2346 10855 11060 11061 11062 11063 11064
11066 10796 11033 11038 11045 11051 11059 11065
11071 10940 11032 11067 11068 11069 11070
11077 10038 10040 11072 11073 11074 11075 11076
11086 11078 11079 11080 11081 11082 11083 11084 11085
11092 10272 10885 11087 11088 11089 11090 11091
11099 10845 10922 11093 11094 11095 11096 11097 11098
11107 10850 11100 11101 11102 11103 11104 11105 11106
11108 8199 11071 11077 11086 11092 11099 11107
11109 10859 10908 10933 10991 11027 11066 11108
11116 11110 11111 11112 11113 11114 11115
11124 11117 11118 11119 11120 11121 11122 11123
11131 11125 11126 11127 11128 11129 11130
11132 10772 11116 11124 11131
11139 11113 11133 11134 11135 11136 11137 11138
11145 1379 2209 11140 11141 11142 11143 11144
11149 2761 10844 11015 11094 11146 11147 11148
11156 11150 11151 11152 11153 11154 11155
11162 11157 11158 11159 11160 11161
11163 11139 11145 11149 11156 11162
11171 11164 11165 11166 11167 11168 11169 11170
11179 3152 11172 11173 11174 11175 11176 11177 11178
11186 11120 11180 11181 11182 11183 11184 11185
11192 11187 11188 11189 11190 11191
11199 9278 11193 11194 11195 11196 11197 11198
11200 11171 11179 11186 11192 11199
11208 11201 11202 11203 11204 11205 11206 11207
11214 11209 11210 11211 11212 11213
11221 11121 11182 11215 11216 11217 11218 11219 11220
11229 11195 11222 11223 11224 11225 11226 11227 11228
11235 8176 8179 11230 11231 11232 11233 11234
11236 11208 11214 11221 11229 11235
11244 11237 11238 11239 11240 11241 11242 11243
11250 1382 2212 11245 11246 11247 11248 11249
11257 2955 11251 11252 11253 11254 11255 11256
11262 11154 11258 11259 11260 11261
11268 11263 11264 11265 11266 11267
11269 11244 11250 11257 11262 11268
11274 10575 10668 10770 11270 11271 11272 11273
11278 10846 10897 10923 11016 11096 11147 11275 11276 11277
11285 11279 11280 11281 11282 11283 11284
11286 11274 11278 11285
11287 11132 11163 11200 11236 11269 11286
11294 11288 11289 11290 11291 11292 11293
11299 2555 10583 10820 11295 11296 11297 11298
11307 11300 11301 11302 11303 11304 11305 11306
11314 11308 11309 11310 11311 11312 11313
11315 11294 11299 11307 11314
11322 11291 11316 11317 11318 11319 11320 11321
11328 1388 2216 11323 11324 11325 11326 11327
11335 11329 11330 11331 11332 11333 11334
11341 11336 11337 11338 11339 11340
11342 11065 11322 11328 11335 11341
11349 11343 11344 11345 11346 11347 11348
11356 2518 11350 11351 11352 11353 11354 11355
11362 11303 11357 11358 11359 11360 11361
11368 9287 11363 11364 11365 11366 11367
11369 11349 11356 11362 11368
11376 11370 11371 11372 11373 11374 11375
11383 2469 10585 11377 11378 11379 11380 11381 11382
11389 11304 11359 11384 11385 11386 11387 11388
11394 10301 10303 11365 11390 11391 11392 11393
11402 11395 11396 11397 11398 11399 11400 11401
11403 11376 11383 11389 11394 11402
11412 11404 11405 11406 11407 11408 11409 11410 11411
11419 1391 2219 11413 11414 11415 11416 11417 11418
11427 2313 11420 11421 11422 11423 11424 11425 11426
11433 11333 11428 11429 11430 11431 11432
11440 11434 11435 11436 11437 11438 11439
11447 11441 11442 11443 11444 11445 11446
11448 11412 11419 11427 11433 11440 11447
11452 10586 10721 10822 11297 11449 11450 11451
11458 10857 10931 10989 11064 11453 11454 11455 11456 11457
11459 11285 11452 11458
11460 11315 11342 11369 11403 11448 11459
11461 10825 11109 11287 11460
11467 11462 11463 11464 11465 11466
11476 2167 11468 11469 11470 11471 11472 11473 11474 11475
11482 9932 11477 11478 11479 11480 11481
11487 11483 11484 11485 11486
11492 2249 10108 11488 11489 11490 11491
11493 2228 11467 11476 11482 11487 11492
11499 3513 11494 11495 11496 11497 11498
11506 11500 11501 11502 11503 11504 11505
11510 2000 2004 2006 6916 11507 11508 11509
11517 2269 11511 11512 11513 11514 11515 11516
11524 1817 11518 11519 11520 11521 11522 11523
11531 3538 11525 11526 11527 11528 11529 11530
11536 2187 11532 11533 11534 11535
11543 3306 11537 11538 11539 11540 11541 11542
11544 11499 11506 11510 11517 11524 11531 11536 11543
11551 11545 11546 11547 11548 11549 11550
11558 11552 11553 11554 11555 11556 11557
11564 11479 11559 11560 11561 11562 11563
11571 11565 11566 11567 11568 11569 11570
11574 6309 7570 7655 8369 11572 11573
11580 11575 11576 11577 11578 11579
11588 3904 11581 11582 11583 11584 11585 11586 11587
11594 11489 11589 11590 11591 11592 11593
11595 11551 11558 11564 11571 11574 11580 11588 11594
11600 11596 11597 11598 11599
11605 11601 11602 11603 11604
11610 11606 11607 11608 11609
11616 11611 11612 11613 11614 11615
11622 3904 11617 11618 11619 11620 11621
11627 11534 11623 11624 11625 11626
11634 11628 11629 11630 11631 11632 11633
11635 11600 11605 11610 11616 11622 11627 11634
11636 11493 11544 11595 11635
11642 11637 11638 11639 11640 11641
11650 11643 11644 11645 11646 11647 11648 11649
11656 11651 11652 11653 11654 11655
11664 11657 11658 11659 11660 11661 11662 11663
11669 6515 11665 11666 11667 11668
11670 7662 11558 11642 11650 11656 11664 11669
11676 11641 11671 11672 11673 11674 11675
11680 6507 11677 11678 11679
11686 11681 11682 11683 11684 11685
11693 11660 11687 11688 11689 11690 11691 11692
11700 11694 11695 11696 11697 11698 11699
11701 11610 11676 11680 11686 11693 11700
11706 11675 11702 11703 11704 11705
11715 11707 11708 11709 11710 11711 11712 11713 11714
11720 3969 11716 11717 11718 11719
11727 11721 11722 11723 11724 11725 11726
11732 6518 11728 11729 11730 11731
11733 8161 10077 11706 11715 11720 11727 11732
11734 2008 6521 11670 11701 11733
11740 11735 11736 11737 11738 11739
11747 11741 11742 11743 11744 11745 11746
11748 11594 11740 11747
11755 11749 11750 11751 11752 11753 11754
11763 2246 11756 11757 11758 11759 11760 11761 11762
11768 1990 6516 11667 11730 11764 11765 11766 11767
11777 11769 11770 11771 11772 11773 11774 11775 11776
11784 11778 11779 11780 11781 11782 11783
11790 11785 11786 11787 11788 11789
11791 11755 11763 11768 11777 11784 11790
11798 11792 11793 11794 11795 11796 11797
11804 9332 11799 11800 11801 11802 11803
11805 9084 11798 11804
11813 11806 11807 11808 11809 11810 11811 11812
11819 10345 11801 11814 11815 11816 11817 11818
11820 10113 11813 11819
11826 11797 11821 11822 11823 11824 11825
11835 2249 11827 11828 11829 11830 11831 11832 11833 11834
11845 11836 11837 11838 11839 11840 11841 11842 11843 11844
11855 11846 11847 11848 11849 11850 11851 11852 11853 11854
11862 11856 11857 11858 11859 11860 11861
11869 11863 11864 11865 11866 11867 11868
11876 11870 11871 11872 11873 11874 11875
11877 11826 11835 11845 11855 11862 11869 11876
11882 11491 11593 11878 11879 11880 11881
11886 6519 11668 11731 11766 11883 11884 11885
11895 11887 11888 11889 11890 11891 11892 11893 11894
11896 11882 11886 11895
11897 11748 11791 11805 11820 11877 11896
11898 11636 11734 11897
11907 11899 11900 11901 11902 11903 11904 11905 11906
11913 11908 11909 11910 11911 11912
11920 11914 11915 11916 11917 11918 11919
11926 11921 11922 11923 11924 11925
11935 11927 11928 11929 11930 11931 11932 11933 11934
11942 11936 11937 11938 11939 11940 11941
11943 11907 11913 11920 11926 11935 11942
11950 11944 11945 11946 11947 11948 11949
11957 11951 11952 11953 11954 11955 11956
11965 11958 11959 11960 11961 11962 11963 11964
11976 11966 11967 11968 11969 11970 11971 11972 11973 11974 11975
11985 11977 11978 11979 11980 11981 11982 11983 11984
11995 11986 11987 11988 11989 11990 11991 11992 11993 11994
11996 11950 11957 11965 11976 11985 11995
12003 8533 11997 11998 11999 12000 12001 12002
12012 12004 12005 12006 12007 12008 12009 12010 12011
12017 6672 11961 12013 12014 12015 12016
12026 8554 12018 12019 12020 12021 12022 12023 12024 12025
12034 12027 12028 12029 12030 12031 12032 12033
12042 12035 12036 12037 12038 12039 12040 12041
12043 12003 12012 12017 12026 12034 12042
12049 11924 12044 12045 12046 12047 12048
12055 12050 12051 12052 12053 12054
12061 8136 12056 12057 12058 12059 12060
12069 12062 12063 12064 12065 12066 12067 12068
12075 12070 12071 12072 12073 12074
12076 12049 12055 12061 12069 12075
12081 12077 12078 12079 12080
12085 11983 12082 12083 12084
12092 11932 12086 12087 12088 12089 12090 12091
12097 11939 12093 12094 12095 12096
12098 8140 9830 10489 12081 12085 12092 12097
12103 12099 12100 12101 12102
12108 12104 12105 12106 12107
12113 12109 12110 12111 12112
12120 12114 12115 12116 12117 12118 12119
12126 12066 12121 12122 12123 12124 12125
12132 11941 12096 12127 12128 12129 12130 12131
12133 12103 12108 12113 12120 12126 12132
12134 11943 11996 12043 12076 12098 12133
12143 11999 12135 12136 12137 12138 12139 12140 12141 12142
12151 12144 12145 12146 12147 12148 12149 12150
12157 3295 12152 12153 12154 12155 12156
12167 12158 12159 12160 12161 12162 12163 12164 12165 12166
12176 12168 12169 12170 12171 12172 12173 12174 12175
12182 8826 9851 12177 12178 12179 12180 12181
12183 12143 12151 12157 12167 12176 12182
12188 12184 12185 12186 12187
12189 12188
12194 8762 12190 12191 12192 12193
12200 12195 12196 12197 12198 12199
12208 12201 12202 12203 12204 12205 12206 12207
12213 12209 12210 12211 12212
12218 12214 12215 12216 12217
12226 12219 12220 12221 12222 12223 12224 12225
12227 12194 12200 12208 12213 12218 12226
12228 8836 12183 12189 12227
12232 2271 2272 12229 12230 12231
12241 12233 12234 12235 12236 12237 12238 12239 12240
12244 2276 2277 2278 12242 12243
12251 12245 12246 12247 12248 12249 12250
12257 2282 2284 12252 12253 12254 12255 12256
12258 2258 2265 12232 12241 12244 12251 12257
12266 1178 12007 12259 12260 12261 12262 12263 12264 12265
12273 1187 2366 2418 12267 12268 12269 12270 12271 12272
12283 12274 12275 12276 12277 12278 12279 12280 12281 12282
12290 2975 3014 3059 12284 12285 12286 12287 12288 12289
12298 1418 12252 12291 12292 12293 12294 12295 12296 12297
12306 12299 12300 12301 12302 12303 12304 12305
12307 12157 12266 12273 12283 12290 12298 12306
12313 12308 12309 12310 12311 12312
12320 12314 12315 12316 12317 12318 12319
12325 1300 12321 12322 12323 12324
12326 12313 12320 12325
12329 1272 12327 12328
12334 1276 12330 12331 12332 12333
12341 12335 12336 12337 12338 12339 12340
12348 1282 12342 12343 12344 12345 12346 12347
12354 1421 12255 12294 12349 12350 12351 12352 12353
12359 1293 12355 12356 12357 12358
12366 12360 12361 12362 12363 12364 12365
12367 9354 12329 12334 12341 12348 12354 12359 12366
12372 1349 12333 12368 12369 12370 12371
12378 12373 12374 12375 12376 12377
12385 1367 12379 12380 12381 12382 12383 12384
12392 12386 12387 12388 12389 12390 12391
12399 12393 12394 12395 12396 12397 12398
12405 12400 12401 12402 12403 12404
12406 11419 12372 12378 12385 12392 12399 12405
12407 1425 12258 12307 12326 12367 12406
12417 12408 12409 12410 12411 12412 12413 12414 12415 12416
12425 12418 12419 12420 12421 12422 12423 12424
12433 12426 12427 12428 12429 12430 12431 12432
12434 11965 12417 12425 12433
12441 5844 5905 12435 12436 12437 12438 12439 12440
12449 12442 12443 12444 12445 12446 12447 12448
12453 6408 12450 12451 12452
12457 698 12242 12454 12455 12456
12462 12458 12459 12460 12461
12470 12463 12464 12465 12466 12467 12468 12469
12476 12471 12472 12473 12474 12475
12477 12441 12449 12453 12457 12462 12470 12476
12481 1458 1486 6387 6707 12162 12478 12479 12480
12490 6679 12278 12482 12483 12484 12485 12486 12487 12488 12489
12499 382 480 12491 12492 12493 12494 12495 12496 12497 12498
12505 124 6653 6654 12464 12500 12501 12502 12503 12504
12506 6669 12017 12481 12490 12499 12505
12512 12507 12508 12509 12510 12511
12516 12308 12310 12312 12513 12514 12515
12522 12517 12518 12519 12520 12521
12526 833 8113 12523 12524 12525
12535 12527 12528 12529 12530 12531 12532 12533 12534
12539 806 12536 12537 12538
12540 12512 12516 12522 12526 12535 12539
12546 12541 12542 12543 12544 12545
12553 12547 12548 12549 12550 12551 12552
12560 12554 12555 12556 12557 12558 12559
12568 12561 12562 12563 12564 12565 12566 12567
12575 12467 12503 12569 12570 12571 12572 12573 12574
12583 12576 12577 12578 12579 12580 12581 12582
12588 716 12473 12584 12585 12586 12587
12589 8116 10381 12546 12553 12560 12568 12575 12583 12588
12593 3469 12340 12373 12374 12590 12591 12592
12601 12594 12595 12596 12597 12598 12599 12600
12609 6488 12602 12603 12604 12605 12606 12607 12608
12610 12593 12601 12609
12616 12545 12611 12612 12613 12614 12615
12621 12617 12618 12619 12620
12626 12622 12623 12624 12625
12632 1980 12600 12627 12628 12629 12630 12631
12639 12531 12633 12634 12635 12636 12637 12638
12644 12475 12587 12640 12641 12642 12643
12645 12616 12621 12626 12632 12639 12644
12646 12434 12477 12506 12540 12589 12610 12645
12651 11931 12037 12089 12647 12648 12649 12650
12654 8827 12179 12652 12653
12659 12655 12656 12657 12658
12665 6654 12465 12571 12660 12661 12662 12663 12664
12672 12666 12667 12668 12669 12670 12671
12677 12673 12674 12675 12676
12684 12678 12679 12680 12681 12682 12683
12685 12651 12654 12659 12665 12672 12677 12684
12693 12686 12687 12688 12689 12690 12691 12692
12703 12694 12695 12696 12697 12698 12699 12700 12701 12702
12708 12704 12705 12706 12707
12712 12709 12710 12711
12713 8831 9372 12693 12703 12708 12712
12722 251 12714 12715 12716 12717 12718 12719 12720 12721
12728 12723 12724 12725 12726 12727
12733 12729 12730 12731 12732
12734 9857 10388 10502 12092 12722 12728 12733
12741 12735 12736 12737 12738 12739 12740
12749 12504 12742 12743 12744 12745 12746 12747 12748
12755 11267 12750 12751 12752 12753 12754
12762 11438 12756 12757 12758 12759 12760 12761
12768 12705 12725 12763 12764 12765 12766 12767
12773 12710 12731 12769 12770 12771 12772
12774 12741 12749 12755 12762 12768 12773
12782 12775 12776 12777 12778 12779 12780 12781
12787 124 12469 12574 12664 12783 12784 12785 12786
12795 12788 12789 12790 12791 12792 12793 12794
12802 11859 11860 12796 12797 12798 12799 12800 12801
12810 12706 12726 12803 12804 12805 12806 12807 12808 12809
12816 12711 12732 12811 12812 12813 12814 12815
12817 12782 12787 12795 12802 12810 12816
12818 12685 12713 12734 12774 12817
12819 12134 12228 12407 12646 12818
12820 9384 10544 11461 11898 12819
12821 5684 8441 12820
12822 12821
