1837056 241459789824 1 1.0 5
337511424 240652386304 1 -1.0 4
337511424 35287585521664 1 0.0 6
470679552 120292704256 1 -1.0 5
504890368 249108103168 1 1.0 1
504891392 249108103168 1 -1.0 3
17450271744 240652386304 1 -1.0 10
17450271744 35287585521664 1 1.0 10
17651205120 240518430720 1 -1.0 1
17651205120 35287451566080 1 -1.0 10
17651467264 240518168576 1 1.0 13
17651467264 35287451303936 1 -1.0 1
17919901696 240786604032 1 1.0 1
18222153728 17695266308096 1 -1.0 1
34428821504 69155684352 1 -0.4 5
34497634304 4521261338198016 1 -1.0 1
34563949056 68988964864 1 0.2 5
34763968512 345212190720 1 -1.0 1
34763972608 345212190720 1 -1.0 20
34763972672 344136351744 1 -1.0 1
34766061568 345212190720 1 -1.0 1
34766077952 344134262784 1 1.0 1
34770255872 344134262784 1 1.0 1
34829514752 344135303168 1 -1.0 1
34830680064 1130383852961792 1 -1.0 1
34831613952 68724723728 1 -1.0 1
34881929216 18049651602096128 1 1.0 5
36374577152 343599489024 1 1.0 3
36375363584 44186623541248 1 1.0 4
36440113152 4521535411847168 1 1.0 1
36440121344 343598434304 1 -1.0 2
38521012224 343602626560 1 -1.0 20
38521012224 35390538907648 1 -1.0 1
51741593632 17661173956608 1 -1.0 1
51743686656 17661710827520 1 1.0 1
51743686656 35253896871936 1 1.0 4
51744210944 17661710827520 1 1.0 1
51744210944 35253896871936 1 1.0 1
51744350208 17661173956608 1 1.0 1
51744866304 17661173956608 1 0.428571428571 7
51775016992 17661173956608 1 -1.0 3
51877904384 17661040001024 1 1.0 3
51877904384 35253226045440 1 1.0 1
51878428672 17661040001024 1 1.0 1
51878428672 35253226045440 1 -1.0 1
52011597824 17660906049536 1 -1.0 1
52045021184 17660906049536 1 1.0 1
52279117824 17661173956608 1 1.0 5
52412417024 17661039738880 1 1.0 1
52412417024 35253225783296 1 0.5 8
52546371584 17660906049536 1 1.0 1
52546371584 35253092618240 1 1.0 1
52546895872 17660905783296 1 0.2 5
52546895872 35253091827712 1 1.0 1
52547158016 17660905521152 1 1.0 1
52547158016 35253091565568 1 0.5 4
52547420160 17660905783296 1 1.0 1
52547420160 35253091827712 1 1.0 1
52548599808 17660906569728 1 1.0 3
52579794944 17660906049536 1 1.0 5
53620244480 17660909715456 1 0.5 2
53622210560 17660905521152 1 1.0 1
53622210560 35253091565568 1 1.0 2
60331925504 4512464708304896 1 1.0 41
60535865344 1130366672830464 1 0.333333333333 3
60535865344 4512464439869440 1 -1.0 1
60601401344 4512464440918016 1 1.0 1
61136175104 4512464440918016 1 1.0 1
86336602112 2265028380065792 1 -0.2 5
86371467264 123179662049280 1 -1.0 2
86402924544 61607010893824 1 -1.0 2
86574891008 4433748951040 1 1.0 5
89661636608 4432809426944 1 -1.0 3
103216318464 35322616348672 1 1.0 3
103415943168 70506350903296 1 -0.5 2
103417249792 4415361646592 1 1.0 1
103417511936 4415361646592 1 1.0 3
103482132496 35322348961792 1 1.0 5
103482394632 35322348961792 1 -0.5 2
103483179008 4556514161328128 1 1.0 2
103483183104 35322347915264 1 -0.2 10
103483187200 35322347915264 1 -1.0 1
103483310592 4415293489152 1 1.0 1
103483441152 2304714347642880 1 0.6 5
103483442176 4415293493248 1 0.0 6
103483443200 4415293493248 1 1.0 1
103483703296 4415293493248 1 0.0 1
103483834368 4415293489152 1 1.0 1
103484358656 4415327043584 1 -1.0 1
103484620800 4415327043584 1 1.0 1
103484751872 4415294537728 1 0.86 50
103485800448 4415293489152 1 0.0 4
103550029824 35322347915264 1 -1.0 8
103550033920 35322347915264 1 0.5 4
103550156800 4415226908672 1 1.0 3
103551205376 4415226908672 1 1.0 1
103583580160 4415226908672 1 1.0 1
103583711232 4415226642432 1 -1.0 1
103584628736 4415226908672 1 -1.0 4
103584890880 4415227428864 1 1.0 4
103585153024 4415227428864 1 1.0 1
103600357376 4415226445824 1 1.0 6
103601405952 4415226445824 1 1.0 1
103601537024 4415226380288 1 1.0 1
104085849088 2216203651072 1 1.0 1
104085979136 4415226908672 1 0.333333333333 9
104085979136 4423816839168 1 -1.0 1
104086374400 2216204173312 1 1.0 5
104119402496 4415226908672 1 1.0 12
112006922240 6614383853568 1 1.0 1
112074162176 6614316744704 1 0.0 1
112141533184 6614249635840 1 -1.0 1
112174563328 6614249635840 1 -1.0 2
120395661312 139318525952 1 -1.0 5
120395925504 139318001664 1 0.0 2
120396455936 1879572480 1 1.0 5
120460939296 268828672 1 1.0 1
120662279168 7340032 1 1.0 3
120662280192 7340032 1 1.0 3
120662786048 67640320 1 0.764705882353 17
120662790144 1613234176 1 1.0 2
120662790144 8659664896 1 1.0 8
120662790160 2621472 1 -1.0 1
120662791168 2883584 1 -1.0 3
120662794240 1613234176 1 1.0 1
120662794240 8659664896 1 1.0 7
120662794304 2621472 1 1.0 1
120662795264 2883584 1 -1.0 1
120662806528 6815744 1 1.0 1
120662810624 6815744 1 1.0 1
120663310336 8657306624 1 0.5 4
120663311360 2101280 1 0.333333333333 3
120663311360 2105376 1 1.0 1
120663312384 2101280 1 0.333333333333 3
120663312384 2105376 1 -1.0 1
120663314432 2099204 1 1.0 4
120663318528 2099204 1 1.0 1
120663572480 2101280 1 1.0 1
120663572480 2105376 1 1.0 1
120663572480 2269529438683136 1 -0.333333333333 3
120663572480 9042521065783296 1 -1.0 3
120663834624 67640320 1 0.0 2
120663834624 101450752 1 -1.0 5
120663851008 8658616320 1 1.0 7
120663851008 2269529975554048 1 1.0 4
120663852032 1835008 1 1.0 3
120664375296 1050628 1 1.0 3
120664899584 528416 1 1.0 1
120664899584 532512 1 0.333333333333 3
120669077504 528416 1 1.0 1
120669077504 532512 1 1.0 1
120669601792 2052 1 1.0 1
120730943488 921600 1 1.0 1
120731205632 17730698739712 1 -1.0 1
120731205632 123145302310912 1 1.0 3
121198608384 67640320 1 0.0 1
121198609408 1966080 1 1.0 1
121199132672 2278188159860736 1 0.2 5
121200722048 8224 1 -1.0 2
121202802688 137442101248 1 -1.0 1
121202802688 2269529440780288 1 1.0 3
121203064832 44117904064512 1 -1.0 5
121265717248 921600 1 1.0 1
121265979392 17730698739712 1 1.0 1
121265979392 123145302310912 1 1.0 3
121739689984 3670016 1 1.0 7
122272350208 2269529440780288 1 0.846153846154 13
129119813632 4398248886272 1 -1.0 3
129153236992 4398247837696 1 -1.0 1
129187184640 4398181777408 1 -1.0 1
129253769216 4398114148352 1 1.0 7
129254031360 21990299664384 1 -0.333333333333 3
129255342080 9024791440785408 1 0.0 4
129320878080 4398080131072 1 1.0 1
154754088960 1157442799835021312 1 1.0 3
189046325248 8865752023040 1 1.0 3
189181067264 52845546045440 1 0.285714285714 14
189316333568 52845411827712 1 1.0 1
189448978432 52845277609984 1 -1.0 6
189985325056 52845277609984 1 0.0 15
257766326272 17592588959744 1 1.0 1
257766326272 35184775004160 1 0.142857142857 7
257833836544 4398317043712 1 1.0 1
257834090496 8796363554816 1 0.6 5
257899495424 17592455008256 1 1.0 1
257901723648 17592455528448 1 1.0 5
258034237440 17592320524288 1 1.0 3
258034237440 35184506568704 1 1.0 1
258168061952 17592727109632 1 1.0 1
258304245760 17592588697600 1 1.0 1
258304245760 35184774742016 1 1.0 1
258440429568 4398317043712 1 0.0 6
258440429568 8796363554816 1 1.0 1
266423771136 270532608 1 -1.0 1
267095375872 8796260794368 1 1.0 4
1314596061184 17643859869696 1 0.2 5
2199964360704 128849018880 1 -1.0 1
2207782543360 120527519744 1 1.0 4
2208053067776 120259084288 1 1.0 1
2216607358976 378493992960 1 1.0 1
2216875794432 103349747712 1 1.0 1
2216877891584 103347650560 1 -1.0 1
2216942372864 103349747712 1 1.0 1
2216944476160 103347650560 1 -1.0 8
2217209765888 103080267776 1 1.0 8
2250969186304 1130366672830464 1 0.0 4
2250969186304 4512464439869440 1 0.0 2
2251034722304 4512464440918016 1 1.0 1
2285327613952 22024659402752 1 1.0 2
2285328924672 9024825800523776 1 -1.0 1
2319687090176 4398114148352 1 -0.6 5
2319754199040 4398080131072 1 -1.0 16
2336866443264 128849018880 1 0.6 5
2353777876992 103349747712 1 0.6 5
2422563938304 4432674684928 1 0.333333333333 3
2422765780992 4432408346624 1 1.0 15
2422831841280 4432407298048 1 -1.0 1
2422831841280 4432408346624 1 0.0 4
2422832365568 4432408346624 1 1.0 5
2422832369664 4432406249472 1 1.0 1
2423301603328 4432408346624 1 0.0 2
2456922628096 269488128 1 0.4 10
4416233538560 35287451303936 1 -1.0 1
4432808931328 206697398272 1 1.0 12
4432811016192 207233224704 1 -1.0 1
4433413406720 2284923650048 1 0.6 5
4433413931008 35390531043328 1 -1.0 1
4433884745728 206699495424 1 -1.0 1
4433888952320 206695301120 1 1.0 1
4434419531776 206160535552 1 1.0 2
4434419777536 61641370632192 1 0.333333333333 3
4449924812800 69390565376 1 0.0 2
4450057986048 68720529408 1 1.0 1
4450057994240 68724719616 1 1.0 4
4450592759808 68720529408 1 -1.0 2
4451668590592 68720525312 1 0.6 5
4501268070400 137707388928 1 1.0 6
4501394703360 141557760 1 0.5 12
4501396276224 135792640 1 1.0 1
4501396537344 17315659776 1 1.0 9
4501402288128 17314086912 1 1.0 1
4501463384064 17315659776 1 1.0 1
4501528657920 7864320 1 0.0 2
4501528922112 7340032 1 1.0 16
4501530492928 8658616320 1 1.0 7
4501530755072 137440526336 1 1.0 1
4501531017216 1050628 1 1.0 17
4501532049408 9024808620654592 1 1.0 3
4501536243712 2052 1 -1.0 3
4501595504640 7864320 1 1.0 7
4501796818432 137707913216 1 1.0 2
4502065512448 137442623488 1 0.0 2
4535821533184 128984285184 1 -0.2 5
4569912967168 8865752023040 1 -1.0 2
4570853933056 8864813547520 1 -1.0 2
4587092705280 17661309222912 1 1.0 1
4638833640448 1744832512 1 -1.0 1
4639372345344 8796227764224 1 -1.0 3
4655945883648 269488128 1 -1.0 5
4845528941568 35253225783296 1 -1.0 1
8797100179456 257699086336 1 -1.0 2
8831258985472 35253225783296 1 1.0 2
8831460180992 35253091565568 1 -0.2 5
8865416482816 172201871360 1 0.0 2
30889543467008 1879048192 1 1.0 1
30889946120192 469762048 1 1.0 1
37400711012352 17695533694976 1 1.0 1
37452250619904 60397977600 1 1.0 3
